18:35:03.197305,33.1376,0.0013,-0.3112,33.0,73,48,-1,60,0.0167,120.0000,inf,60
18:36:09.376145,32.7564,0.0016,-0.3089,32.0,73,47,100,60,0.0167,0.0000,inf,60
18:37:15.394846,33.0980,0.0013,-0.3115,33.0,73,48,100,60,0.0167,0.0000,inf,60
18:38:21.438344,34.0860,0.0012,-0.3538,34.0,71,49,99,60,0.0167,120.0000,inf,60
18:39:27.370271,33.1057,0.0013,-0.3114,33.0,73,48,99,60,0.0167,120.0000,inf,60
18:40:33.318171,33.0887,0.0013,-0.3114,33.0,73,48,99,60,0.0167,0.0000,inf,60
18:41:39.381238,32.7552,0.0016,-0.3090,32.0,73,47,99,60,0.0167,0.0000,inf,60
18:42:57.065735,33.4725,0.0011,-0.3137,33.0,73,49,99,60,0.0167,0.0000,inf,60
18:44:03.350528,32.7234,0.0016,-0.3090,32.0,73,47,-1,60,0.0167,0.0000,60.0000,60
18:45:09.352215,33.1113,0.0013,-0.3114,33.0,73,48,100,60,0.0167,0.0000,36.0000,60
18:46:15.359758,33.1126,0.0013,-0.3114,33.0,73,48,99,60,0.0167,0.0000,21.6000,60
18:47:21.272830,32.7542,0.0016,-0.3090,32.0,73,47,99,720,0.0167,0.0000,12.9600,720
18:59:27.337129,34.0809,0.0012,-0.3539,34.0,71,49,99,900,0.2000,10.0000,11.7760,900
19:14:33.481081,34.7066,0.0006,-0.3587,34.0,71,51,99,1500,0.2500,0.0000,7.0656,1500
19:39:40.187488,34.6384,-0.0001,-0.3236,34.0,73,53,99,1560,0.4167,4.8000,6.1594,1560
20:05:45.851306,34.7141,0.0006,-0.3586,34.0,71,51,98,1680,0.4333,4.6154,5.5418,1680
20:33:51.843076,34.4263,0.0009,-0.3563,34.0,71,50,98,1920,0.4667,0.0000,3.3251,1920
21:05:57.991357,34.0865,0.0012,-0.3539,34.0,71,49,97,2100,0.5333,0.0000,1.9950,2100
21:41:04.571460,34.3979,0.0009,-0.3564,34.0,71,50,97,2220,0.5833,0.0000,1.1970,2220
22:18:10.494121,35.3066,0.0007,-0.3983,35.0,69,51,96,2100,0.6167,3.2432,2.0155,2100
22:53:16.274084,35.2941,0.0007,-0.3983,35.0,69,51,95,2220,0.5833,0.0000,1.2093,2220
23:30:22.128170,35.0025,0.0010,-0.3958,35.0,69,50,95,2280,0.6167,0.0000,0.7256,2280
00:08:27.915455,33.4189,0.0011,-0.3138,33.0,73,49,94,1980,0.6333,6.3158,2.9617,1980
00:41:33.805064,33.7348,0.0008,-0.3163,33.0,73,50,93,2160,0.5500,0.0000,1.7770,2160
01:17:39.654074,33.7357,0.0008,-0.3163,33.0,73,50,93,2220,0.6000,0.0000,1.0662,2220
01:54:45.407739,33.7389,0.0008,-0.3163,33.0,73,50,92,2280,0.6167,0.0000,0.6397,2280
02:32:51.547221,34.0410,0.0005,-0.3187,34.0,73,51,91,2340,0.6333,0.0000,0.3838,2340
03:11:58.498207,34.0444,0.0005,-0.3187,34.0,73,51,91,2340,0.6500,0.0000,0.2303,2340
03:51:05.021013,34.0436,0.0005,-0.3187,34.0,73,51,90,2340,0.6500,0.0000,0.1382,2340
04:30:11.348949,34.3378,0.0002,-0.3212,34.0,73,52,-1,2340,0.6500,0.0000,0.0829,2340
05:09:17.589434,34.0412,0.0005,-0.3187,34.0,73,51,-1,2340,0.6500,0.0000,0.0497,2340
05:48:23.321450,34.0378,0.0005,-0.3187,34.0,73,51,-1,2340,0.6500,0.0000,0.0298,2340
06:27:29.266953,34.0405,0.0005,-0.3187,34.0,73,51,-1,2340,0.6500,0.0000,0.0179,2340
07:06:35.038411,34.0410,0.0005,-0.3187,34.0,73,51,-1,2340,0.6500,0.0000,0.0107,2340
07:45:41.013023,33.0509,0.0007,-0.2758,33.0,75,50,-1,2220,0.6500,3.0769,1.2372,2220
08:22:47.782833,33.0498,0.0006,-0.2758,33.0,75,50,-1,2280,0.6167,0.0000,0.7423,2280
09:00:53.500879,32.7192,0.0009,-0.2733,32.0,75,49,-1,2340,0.6333,0.0000,0.4454,2340
09:39:59.993277,31.9866,0.0008,-0.2323,31.0,77,49,-1,2160,0.6500,3.0769,1.4980,2160
10:16:06.381235,33.3096,0.0004,-0.2783,33.0,75,51,-1,2100,0.6000,3.3333,2.2321,2100
10:51:13.056185,31.6657,0.0018,-0.2661,31.0,75,46,-1,2220,0.5833,0.0000,1.3393,2220
11:28:18.950750,27.4072,0.0039,-0.2056,27.0,77,38,-1,2100,0.6167,3.2432,2.1009,2100
12:03:24.783175,28.3720,0.0033,-0.2104,28.0,77,40,-1,2220,0.5833,0.0000,1.2605,2220
12:40:30.568522,29.7234,0.0025,-0.2177,29.0,77,43,-1,2280,0.6167,0.0000,0.7563,2280
13:18:36.419586,23.5041,0.0048,-0.1122,23.0,80,34,-1,2100,0.6333,4.7368,2.3485,2100
13:53:42.694828,4.2394,0.0074,0.3206,9.0,96,21,-1,780,0.5833,27.4286,12.3805,780
14:06:49.252682,22.5114,0.0047,-0.0696,22.0,82,34,-1,60,0.2167,64.6154,33.2745,60
14:07:55.173307,24.1067,0.0045,-0.1146,24.0,80,35,-1,60,0.0167,120.0000,67.9647,60
14:09:01.225996,23.5061,0.0048,-0.1122,23.0,80,34,-1,60,0.0167,0.0000,40.7788,60
14:10:07.760469,23.5113,0.0048,-0.1122,23.0,80,34,-1,60,0.0167,0.0000,24.4673,60
14:11:14.456845,22.5992,0.0047,-0.0697,22.0,82,34,-1,60,0.0167,120.0000,62.6804,60
14:12:21.234692,20.9888,0.0049,-0.0242,20.0,84,33,-1,60,0.0167,120.0000,85.6082,60
14:13:27.546114,18.7709,0.0053,0.0243,18.0,86,31,-1,60,0.0167,120.0000,99.3649,60
14:14:34.278266,19.3961,0.0050,0.0218,19.0,86,32,-1,60,0.0167,0.0000,59.6190,60
14:15:40.407302,18.3192,0.0049,0.0659,18.0,87,32,-1,60,0.0167,60.0000,59.7714,60
14:16:47.143542,17.6721,0.0052,0.0683,17.0,87,31,-1,60,0.0167,0.0000,35.8628,60
14:17:53.171120,17.6771,0.0052,0.0683,17.0,87,31,-1,60,0.0167,0.0000,21.5177,60
14:18:59.127215,15.1182,0.0056,0.1177,15.0,89,29,-1,60,0.0167,120.0000,60.9106,60
14:20:05.268501,15.1414,0.0056,0.1177,15.0,89,29,-1,60,0.0167,0.0000,36.5464,60
14:21:11.509714,14.5650,0.0059,0.1202,14.0,89,28,-1,60,0.0167,0.0000,21.9278,60
14:22:18.321506,15.9336,0.0054,0.1153,15.0,89,30,-1,720,0.0167,0.0000,13.1567,720
14:34:25.136850,16.9980,0.0055,0.0707,16.0,87,30,-1,840,0.2000,10.0000,11.8940,840
14:48:31.198624,24.6261,0.0042,-0.1171,24.0,80,36,-1,60,0.2333,30.0000,19.1364,60
14:49:38.339010,25.1591,0.0040,-0.1195,25.0,80,37,-1,900,0.0167,0.0000,11.4818,900
15:04:44.900830,28.0149,0.0029,-0.1714,28.0,78,41,-1,1080,0.2500,8.0000,10.0891,1080
15:22:50.874050,28.4124,0.0033,-0.2104,28.0,77,40,-1,1440,0.3000,3.3333,7.3868,1440
15:46:56.745454,28.8247,0.0031,-0.2129,28.0,77,41,-1,1800,0.4000,0.0000,4.4321,1800
16:17:02.720071,30.4937,0.0026,-0.2587,30.0,75,43,-1,1800,0.5000,4.0000,4.2592,1800
16:47:09.150720,32.0583,0.0015,-0.2685,32.0,75,47,-1,2040,0.5000,0.0000,2.5555,2040
17:21:15.339481,33.7652,0.0008,-0.3163,33.0,73,50,-1,1980,0.5667,3.5294,2.9451,1980
17:54:21.191561,34.6260,-0.0001,-0.3237,34.0,73,53,-1,2160,0.5500,0.0000,1.7671,2160
18:30:27.070953,35.5211,-0.0002,-0.3661,35.0,71,54,-1,2040,0.6000,3.3333,2.3936,2040
