18:35:26.023691,32.6930,0.0016,-0.3100,32.0,73,47,99
18:36:31.976041,32.6962,0.0016,-0.3100,32.0,73,47,99
18:37:38.043107,32.6929,0.0016,-0.3100,32.0,73,47,99
18:38:43.990581,32.6928,0.0016,-0.3100,32.0,73,47,99
18:39:50.132734,31.9971,0.0015,-0.2694,31.0,75,47,99
18:40:56.064651,31.9937,0.0015,-0.2694,31.0,75,47,99
18:42:02.024140,31.6300,0.0018,-0.2669,31.0,75,46,99
18:43:07.939567,31.9936,0.0015,-0.2694,31.0,75,47,99
18:44:13.996986,31.6299,0.0018,-0.2669,31.0,75,46,99
18:45:19.947299,31.9972,0.0015,-0.2694,31.0,75,47,99
18:46:26.033277,32.0006,0.0015,-0.2694,32.0,75,47,99
18:47:31.957679,31.6301,0.0018,-0.2669,31.0,75,46,99
18:48:37.883613,31.6264,0.0018,-0.2669,31.0,75,46,99
18:49:44.131489,32.3348,0.0019,-0.3075,32.0,73,46,99
18:50:50.121117,32.7030,0.0016,-0.3100,32.0,73,47,99
18:51:55.945698,32.6930,0.0016,-0.3100,32.0,73,47,99
18:53:01.873166,32.7030,0.0016,-0.3100,32.0,73,47,99
18:54:07.941452,32.7030,0.0016,-0.3100,32.0,73,47,99
18:55:13.943267,32.7031,0.0016,-0.3100,32.0,73,47,99
18:56:20.047119,32.6929,0.0016,-0.3100,32.0,73,47,99
18:57:26.131499,32.6995,0.0016,-0.3100,32.0,73,47,99
18:58:32.827288,32.6997,0.0016,-0.3100,32.0,73,47,99
18:59:39.020552,32.6962,0.0016,-0.3100,32.0,73,47,99
19:00:44.982288,32.3381,0.0019,-0.3075,32.0,73,46,99
19:01:50.892996,32.6996,0.0016,-0.3100,32.0,73,47,99
19:02:56.996154,33.0436,0.0013,-0.3124,33.0,73,48,99
19:04:02.874874,33.3862,0.0011,-0.3148,33.0,73,49,99
19:05:08.867958,32.7030,0.0016,-0.3100,32.0,73,47,99
19:06:14.933567,32.6995,0.0016,-0.3100,32.0,73,47,99
19:07:20.945933,32.6963,0.0016,-0.3100,32.0,73,47,99
19:08:26.905614,32.6929,0.0016,-0.3100,32.0,73,47,99
19:09:32.810692,33.0469,0.0013,-0.3124,33.0,73,48,99
19:10:38.886748,32.0005,0.0015,-0.2694,32.0,75,47,99
19:11:44.785237,32.3567,0.0012,-0.2718,32.0,75,48,99
19:12:50.975029,32.6917,0.0009,-0.2742,32.0,75,49,99
19:13:56.783163,32.6951,0.0009,-0.2742,32.0,75,49,99
19:15:02.879193,32.3466,0.0012,-0.2718,32.0,75,48,99
19:16:08.807451,33.0158,0.0007,-0.2767,33.0,75,50,99
19:17:14.814428,32.6985,0.0009,-0.2742,32.0,75,49,99
19:18:20.925706,33.0159,0.0007,-0.2767,33.0,75,50,99
19:19:26.803920,33.0223,0.0007,-0.2767,33.0,75,50,99
19:20:32.756128,33.3287,0.0004,-0.2791,33.0,75,51,99
19:21:38.845350,32.6985,0.0009,-0.2742,32.0,75,49,99
19:22:44.771871,32.6950,0.0009,-0.2742,32.0,75,49,99
19:23:50.804771,32.3466,0.0012,-0.2718,32.0,75,48,99
19:24:56.784617,33.0257,0.0007,-0.2767,33.0,75,50,99
19:26:02.792049,33.0159,0.0007,-0.2767,33.0,75,50,99
19:27:09.072226,33.0159,0.0007,-0.2767,33.0,75,50,99
19:28:16.064252,32.3499,0.0012,-0.2718,32.0,75,48,99
19:31:21.260036,33.0256,0.0007,-0.2767,33.0,75,50,99
19:32:27.750823,33.0193,0.0007,-0.2767,33.0,75,50,99
19:33:33.824207,32.6884,0.0009,-0.2742,32.0,75,49,99
19:34:39.954666,33.7012,0.0008,-0.3173,33.0,73,50,99
19:35:45.657210,33.0158,0.0007,-0.2767,33.0,75,50,99
19:36:51.763763,32.6918,0.0009,-0.2742,32.0,75,49,99
19:37:57.926478,32.6885,0.0009,-0.2742,32.0,75,49,99
19:39:03.767148,33.0193,0.0007,-0.2767,33.0,75,50,99
19:40:09.763046,33.3385,0.0004,-0.2791,33.0,75,51,99
19:41:15.776136,32.6885,0.0009,-0.2742,32.0,75,49,99
19:44:22.351679,32.6883,0.0009,-0.2742,32.0,75,49,99
19:45:28.744568,32.6918,0.0009,-0.2742,32.0,75,49,99
19:46:34.749566,32.3499,0.0012,-0.2718,32.0,75,48,99
19:47:40.726152,32.3567,0.0012,-0.2718,32.0,75,48,99
19:50:47.330608,32.6951,0.0009,-0.2742,32.0,75,49,99
19:51:53.655652,32.6919,0.0009,-0.2742,32.0,75,49,99
19:52:59.681618,33.0158,0.0007,-0.2767,33.0,75,50,99
19:54:05.722239,33.0223,0.0007,-0.2767,33.0,75,50,99
19:55:11.674833,32.6917,0.0009,-0.2742,32.0,75,49,99
19:56:17.685880,33.0223,0.0007,-0.2767,33.0,75,50,99
19:57:23.757891,33.0159,0.0007,-0.2767,33.0,75,50,99
19:58:29.628786,32.6919,0.0009,-0.2742,32.0,75,49,99
19:59:35.896339,32.6951,0.0009,-0.2742,32.0,75,49,99
20:00:42.656590,32.3500,0.0012,-0.2718,32.0,75,48,99
20:01:48.784791,32.6885,0.0009,-0.2742,32.0,75,49,99
20:02:54.752788,32.3532,0.0012,-0.2718,32.0,75,48,99
20:04:00.607879,32.6885,0.0009,-0.2742,32.0,75,49,99
20:05:06.673286,32.3500,0.0012,-0.2718,32.0,75,48,99
20:06:12.581504,32.6919,0.0009,-0.2742,32.0,75,49,99
20:07:18.708230,32.6919,0.0009,-0.2742,32.0,75,49,99
20:08:24.603972,32.3567,0.0012,-0.2718,32.0,75,48,99
20:09:30.523372,32.3500,0.0012,-0.2718,32.0,75,48,99
20:10:36.578003,32.3533,0.0012,-0.2718,32.0,75,48,99
20:11:42.552178,32.3534,0.0012,-0.2718,32.0,75,48,99
20:12:48.630396,32.3465,0.0012,-0.2718,32.0,75,48,99
20:13:54.542645,32.7020,0.0009,-0.2742,32.0,75,49,99
20:15:00.594074,32.3567,0.0012,-0.2718,32.0,75,48,99
20:16:06.512333,32.3568,0.0012,-0.2718,32.0,75,48,99
20:17:12.559693,32.3534,0.0012,-0.2718,32.0,75,48,99
20:18:18.582628,32.3466,0.0012,-0.2718,32.0,75,48,99
20:19:24.861483,32.3500,0.0012,-0.2718,32.0,75,48,99
20:20:31.549518,32.0006,0.0015,-0.2694,32.0,75,47,99
20:21:37.601887,32.0007,0.0015,-0.2694,32.0,75,47,99
20:22:43.533383,32.3499,0.0012,-0.2718,32.0,75,48,99
20:23:49.542028,32.3568,0.0012,-0.2718,32.0,75,48,99
20:24:55.524713,32.3532,0.0012,-0.2718,32.0,75,48,99
20:26:01.494212,32.3534,0.0012,-0.2718,32.0,75,48,99
20:27:07.539063,32.3568,0.0012,-0.2718,32.0,75,48,99
20:28:13.493588,32.3465,0.0012,-0.2718,32.0,75,48,99
20:29:19.532365,32.3569,0.0012,-0.2718,32.0,75,48,99
20:30:25.547608,32.0006,0.0015,-0.2694,32.0,75,47,99
20:31:31.521287,31.6299,0.0018,-0.2669,31.0,75,46,99
20:32:37.536009,32.7030,0.0016,-0.3100,32.0,73,47,99
20:33:43.544314,32.6996,0.0016,-0.3100,32.0,73,47,99
20:34:49.594921,33.0500,0.0013,-0.3124,33.0,73,48,99
20:35:55.668784,33.0467,0.0013,-0.3124,33.0,73,48,99
20:37:01.451941,33.0501,0.0013,-0.3124,33.0,73,48,99
20:38:07.533099,33.0435,0.0013,-0.3124,33.0,73,48,99
20:39:13.442156,33.0569,0.0013,-0.3124,33.0,73,48,99
20:40:19.527086,33.0468,0.0013,-0.3124,33.0,73,48,99
20:41:25.568290,33.0535,0.0013,-0.3124,33.0,73,48,99
20:42:31.659156,32.3500,0.0012,-0.2718,32.0,75,48,99
20:43:38.531284,31.9937,0.0015,-0.2694,31.0,75,47,99
20:44:44.373450,32.0006,0.0015,-0.2694,32.0,75,47,99
20:45:50.410954,32.0006,0.0015,-0.2694,32.0,75,47,99
20:46:56.622631,31.9903,0.0015,-0.2694,31.0,75,47,99
20:49:33.424603,31.9903,0.0015,-0.2694,31.0,75,47,99
20:50:39.654143,31.9902,0.0015,-0.2694,31.0,75,47,99
20:51:46.423910,31.9902,0.0015,-0.2694,31.0,75,47,99
20:52:52.466863,31.9970,0.0015,-0.2694,31.0,75,47,99
20:53:58.512873,32.6995,0.0016,-0.3100,32.0,73,47,99
20:55:04.419809,32.6962,0.0016,-0.3100,32.0,73,47,99
20:56:10.359520,32.7030,0.0016,-0.3100,32.0,73,47,99
20:57:16.473719,32.6931,0.0016,-0.3100,32.0,73,47,99
20:58:22.364412,32.6930,0.0016,-0.3100,32.0,73,47,99
20:59:28.406257,32.6930,0.0016,-0.3100,32.0,73,47,99
21:00:34.345228,33.0435,0.0013,-0.3124,33.0,73,48,99
21:01:40.346898,33.0535,0.0013,-0.3124,33.0,73,48,99
21:02:46.381988,33.0435,0.0013,-0.3124,33.0,73,48,99
21:03:52.355045,32.7030,0.0016,-0.3100,32.0,73,47,99
21:04:58.294949,32.7030,0.0016,-0.3100,32.0,73,47,99
21:06:04.349687,32.7030,0.0016,-0.3100,32.0,73,47,99
21:07:10.360663,32.6964,0.0016,-0.3100,32.0,73,47,99
21:08:16.462868,32.6930,0.0016,-0.3100,32.0,73,47,99
21:09:22.314770,32.7030,0.0016,-0.3100,32.0,73,47,99
21:10:28.341187,32.7030,0.0016,-0.3100,32.0,73,47,99
21:11:34.283711,32.6965,0.0016,-0.3100,32.0,73,47,99
21:12:40.233513,32.6995,0.0016,-0.3100,32.0,73,47,99
21:13:46.319624,32.6929,0.0016,-0.3100,32.0,73,47,99
21:14:52.325613,32.6964,0.0016,-0.3100,32.0,73,47,99
21:15:58.272482,32.6963,0.0016,-0.3100,32.0,73,47,99
21:17:04.320308,32.7030,0.0016,-0.3100,32.0,73,47,99
21:20:10.934045,32.6930,0.0016,-0.3100,32.0,73,47,99
21:21:17.329483,32.7030,0.0016,-0.3100,32.0,73,47,99
21:22:23.229706,32.7030,0.0016,-0.3100,32.0,73,47,99
21:23:29.305725,31.9901,0.0015,-0.2694,31.0,75,47,99
21:24:35.224078,32.0041,0.0015,-0.2694,32.0,75,47,99
21:25:41.327978,31.6299,0.0018,-0.2669,31.0,75,46,99
21:26:47.225290,32.6929,0.0016,-0.3100,32.0,73,47,99
21:27:53.362437,32.6930,0.0016,-0.3100,32.0,73,47,99
21:28:59.183975,32.6995,0.0016,-0.3100,32.0,73,47,99
21:30:05.231156,32.6964,0.0016,-0.3100,32.0,73,47,99
21:31:11.181026,32.7031,0.0016,-0.3100,32.0,73,47,99
21:34:17.762694,32.7031,0.0016,-0.3100,32.0,73,47,99
21:35:24.294141,33.0402,0.0013,-0.3124,33.0,73,48,99
21:36:30.184824,33.0568,0.0013,-0.3124,33.0,73,48,99
21:37:36.362618,33.0402,0.0013,-0.3124,33.0,73,48,99
21:38:42.338112,32.6896,0.0016,-0.3100,32.0,73,47,99
21:39:48.274328,32.7031,0.0016,-0.3100,32.0,73,47,99
21:40:54.344120,33.0536,0.0013,-0.3124,33.0,73,48,99
21:42:00.202001,32.6929,0.0016,-0.3100,32.0,73,47,99
21:43:06.191398,32.6930,0.0016,-0.3100,32.0,73,47,99
21:46:12.713118,32.6963,0.0016,-0.3100,32.0,73,47,99
21:47:19.193189,32.7065,0.0016,-0.3100,32.0,73,47,99
21:48:25.184218,33.0402,0.0013,-0.3124,33.0,73,48,99
21:49:31.135176,32.7099,0.0016,-0.3100,32.0,73,47,99
21:50:37.103314,32.6999,0.0016,-0.3100,32.0,73,47,99
21:53:43.804339,32.6896,0.0016,-0.3100,32.0,73,47,99
21:54:50.203956,32.6965,0.0016,-0.3100,32.0,73,47,99
21:55:56.094064,32.7098,0.0016,-0.3100,32.0,73,47,99
21:57:02.018843,32.6896,0.0016,-0.3100,32.0,73,47,99
21:58:08.059038,32.6895,0.0016,-0.3100,32.0,73,47,99
21:59:14.342335,32.6960,0.0016,-0.3100,32.0,73,47,99
22:00:21.242728,32.7065,0.0016,-0.3100,32.0,73,47,99
22:01:27.043828,32.6929,0.0016,-0.3100,32.0,73,47,99
22:02:33.231072,32.7065,0.0016,-0.3100,32.0,73,47,99
22:03:39.198558,32.6998,0.0016,-0.3100,32.0,73,47,99
22:04:45.079641,32.7065,0.0016,-0.3100,32.0,73,47,99
22:05:51.118266,32.6896,0.0016,-0.3100,32.0,73,47,99
22:06:57.074431,32.6930,0.0016,-0.3100,32.0,73,47,99
22:08:03.033402,32.6896,0.0016,-0.3100,32.0,73,47,99
22:09:09.073715,32.7065,0.0016,-0.3100,32.0,73,47,99
22:10:15.013502,32.7030,0.0016,-0.3100,32.0,73,47,99
22:11:21.075530,33.0569,0.0013,-0.3124,33.0,73,48,99
22:12:27.073786,32.6931,0.0016,-0.3100,32.0,73,47,99
22:15:33.619428,32.7000,0.0016,-0.3100,32.0,73,47,99
22:16:40.668350,33.0402,0.0013,-0.3124,33.0,73,48,99
22:17:46.993178,33.0534,0.0013,-0.3124,33.0,73,48,99
22:18:53.013518,33.0402,0.0013,-0.3124,33.0,73,48,99
22:19:59.045228,33.0568,0.0013,-0.3124,33.0,73,48,99
22:21:05.002167,33.0535,0.0013,-0.3124,33.0,73,48,99
22:22:11.056278,33.0503,0.0013,-0.3124,33.0,73,48,99
22:23:17.019121,33.0436,0.0013,-0.3124,33.0,73,48,99
22:24:23.196013,32.7065,0.0016,-0.3100,32.0,73,47,99
22:25:28.927050,32.6896,0.0016,-0.3100,32.0,73,47,99
22:26:34.986847,32.6896,0.0016,-0.3100,32.0,73,47,99
22:27:41.028269,32.7065,0.0016,-0.3100,32.0,73,47,99
22:28:46.984996,32.7065,0.0016,-0.3100,32.0,73,47,99
22:29:52.919056,32.6995,0.0016,-0.3100,32.0,73,47,99
22:30:59.097858,32.7065,0.0016,-0.3100,32.0,73,47,99
22:32:04.917696,32.6896,0.0016,-0.3100,32.0,73,47,99
22:33:11.021031,32.7065,0.0016,-0.3100,32.0,73,47,99
22:34:17.088575,32.6895,0.0016,-0.3100,32.0,73,47,99
22:35:22.965873,32.6896,0.0016,-0.3100,32.0,73,47,99
22:36:28.894503,32.6931,0.0016,-0.3100,32.0,73,47,99
22:37:35.034790,33.0401,0.0013,-0.3124,33.0,73,48,99
22:38:41.061600,33.0499,0.0013,-0.3124,33.0,73,48,99
22:39:46.987446,33.0569,0.0013,-0.3124,33.0,73,48,99
22:40:52.891690,33.7023,0.0014,-0.3525,33.0,71,48,99
22:41:58.965008,33.7121,0.0015,-0.3525,33.0,71,48,99
22:43:04.946295,33.3864,0.0011,-0.3148,33.0,73,49,99
22:44:10.845467,33.0568,0.0013,-0.3124,33.0,73,48,99
22:45:17.015527,32.7065,0.0016,-0.3100,32.0,73,47,99
22:46:23.012825,33.7121,0.0015,-0.3525,33.0,71,48,99
22:47:28.865460,33.7120,0.0015,-0.3525,33.0,71,48,99
22:48:34.837386,34.0361,0.0012,-0.3549,34.0,71,49,99
22:49:40.909140,34.0360,0.0012,-0.3549,34.0,71,49,99
22:50:46.830704,34.0390,0.0012,-0.3549,34.0,71,49,99
22:51:52.917051,34.0391,0.0012,-0.3549,34.0,71,49,99
22:52:58.890876,33.7058,0.0015,-0.3525,33.0,71,48,99
22:54:04.908737,33.6958,0.0014,-0.3525,33.0,71,48,99
22:55:10.908482,33.7057,0.0015,-0.3525,33.0,71,48,99
22:56:16.902468,33.6958,0.0014,-0.3525,33.0,71,48,99
22:57:22.807317,34.0388,0.0012,-0.3549,34.0,71,49,99
22:58:28.853426,33.7121,0.0015,-0.3525,33.0,71,48,99
22:59:35.006393,33.7056,0.0015,-0.3525,33.0,71,48,99
23:00:40.867751,33.6958,0.0014,-0.3525,33.0,71,48,99
23:01:46.796801,33.0568,0.0013,-0.3124,33.0,73,48,99
23:02:53.101583,33.0402,0.0013,-0.3124,33.0,73,48,99
23:03:59.898650,33.0567,0.0013,-0.3124,33.0,73,48,99
23:05:05.835800,33.0567,0.0013,-0.3124,33.0,73,48,99
23:06:11.794284,33.0467,0.0013,-0.3124,33.0,73,48,99
23:07:17.798893,33.0402,0.0013,-0.3124,33.0,73,48,99
23:08:23.778447,33.0402,0.0013,-0.3124,33.0,73,48,99
23:09:30.539045,33.0568,0.0013,-0.3124,33.0,73,48,99
23:10:36.826383,33.0435,0.0013,-0.3124,33.0,73,48,99
23:13:43.675998,33.0534,0.0013,-0.3124,33.0,73,48,99
23:14:49.753140,33.0568,0.0013,-0.3124,33.0,73,48,99
23:15:55.818842,33.7025,0.0015,-0.3525,33.0,71,48,99
23:17:01.852113,33.6957,0.0014,-0.3525,33.0,71,48,99
23:18:08.088088,33.7121,0.0015,-0.3525,33.0,71,48,99
23:19:14.756248,33.6992,0.0014,-0.3525,33.0,71,48,99
23:20:20.815142,33.6958,0.0014,-0.3525,33.0,71,48,99
23:21:26.832141,33.6992,0.0014,-0.3525,33.0,71,48,99
23:22:32.752101,33.7022,0.0014,-0.3525,33.0,71,48,99
23:23:38.764508,33.6958,0.0014,-0.3525,33.0,71,48,99
23:24:44.682837,33.0536,0.0013,-0.3124,33.0,73,48,99
23:25:50.741357,33.0603,0.0013,-0.3124,33.0,73,48,99
23:26:56.811945,33.6956,0.0014,-0.3525,33.0,71,48,99
23:28:02.727335,33.6957,0.0014,-0.3525,33.0,71,48,99
23:29:08.667671,33.6992,0.0014,-0.3525,33.0,71,48,99
23:30:14.757662,33.0500,0.0013,-0.3124,33.0,73,48,99
23:31:20.688943,33.0568,0.0013,-0.3124,33.0,73,48,99
23:32:26.795147,33.0534,0.0013,-0.3124,33.0,73,48,99
23:33:32.690492,33.0569,0.0013,-0.3124,33.0,73,48,99
23:34:38.741675,32.7065,0.0016,-0.3100,32.0,73,47,99
23:35:44.875935,33.0402,0.0013,-0.3124,33.0,73,48,99
23:36:50.682761,33.0467,0.0013,-0.3124,33.0,73,48,99
23:37:56.619814,33.0435,0.0013,-0.3124,33.0,73,48,99
23:39:02.699018,33.0568,0.0013,-0.3124,33.0,73,48,99
23:40:08.737378,33.0568,0.0013,-0.3124,33.0,73,48,99
23:41:14.600957,32.6995,0.0016,-0.3100,32.0,73,47,99
23:42:20.668693,32.6964,0.0016,-0.3100,32.0,73,47,99
23:43:26.585338,32.6996,0.0016,-0.3100,32.0,73,47,99
23:44:32.786907,33.7021,0.0014,-0.3525,33.0,71,48,99
23:45:38.930332,33.0436,0.0013,-0.3124,33.0,73,48,99
23:46:45.581302,32.6896,0.0016,-0.3100,32.0,73,47,99
23:49:52.217747,34.0423,0.0012,-0.3549,34.0,71,49,99
23:50:58.626231,34.0390,0.0012,-0.3549,34.0,71,49,99
23:52:04.686200,34.0422,0.0012,-0.3549,34.0,71,49,99
23:55:11.209907,33.0402,0.0013,-0.3124,33.0,73,48,99
23:56:17.567098,33.3797,0.0011,-0.3148,33.0,73,49,99
23:57:23.631313,33.0568,0.0013,-0.3124,33.0,73,48,99
23:58:29.523341,33.0400,0.0013,-0.3124,33.0,73,48,99
23:59:35.508229,33.0535,0.0013,-0.3124,33.0,73,48,99
00:00:41.566562,33.0534,0.0013,-0.3124,33.0,73,48,99
00:01:47.479806,33.0536,0.0013,-0.3124,33.0,73,48,99
00:02:53.521073,33.0436,0.0013,-0.3124,33.0,73,48,99
00:03:59.623849,33.3927,0.0011,-0.3148,33.0,73,49,99
00:05:05.560355,33.3863,0.0011,-0.3148,33.0,73,49,99
00:06:11.513082,33.0536,0.0013,-0.3124,33.0,73,48,99
00:07:17.534775,33.3862,0.0011,-0.3148,33.0,73,49,99
00:08:23.478181,33.0437,0.0013,-0.3124,33.0,73,48,99
00:09:29.551273,33.0567,0.0013,-0.3124,33.0,73,48,99
00:10:35.461235,33.3828,0.0010,-0.3148,33.0,73,49,99
00:11:41.500413,33.0469,0.0013,-0.3124,33.0,73,48,99
00:12:47.458619,33.0402,0.0013,-0.3124,33.0,73,48,99
00:13:53.496872,33.0568,0.0013,-0.3124,33.0,73,48,99
00:17:00.226864,33.3830,0.0010,-0.3148,33.0,73,49,99
00:18:06.538611,33.3961,0.0011,-0.3148,33.0,73,49,99
00:19:12.500824,33.3763,0.0010,-0.3148,33.0,73,49,99
00:20:18.714340,33.3860,0.0010,-0.3148,33.0,73,49,99
00:21:25.545864,33.3896,0.0011,-0.3148,33.0,73,49,99
00:22:31.422290,33.3763,0.0010,-0.3148,33.0,73,49,99
00:23:37.424609,33.3961,0.0011,-0.3148,33.0,73,49,99
00:24:43.407745,33.3961,0.0011,-0.3148,33.0,73,49,99
00:25:49.523720,33.3893,0.0011,-0.3148,33.0,73,49,99
00:26:55.436802,33.3763,0.0010,-0.3148,33.0,73,49,99
00:28:01.736419,33.3763,0.0010,-0.3148,33.0,73,49,99
00:29:08.602186,33.3928,0.0011,-0.3148,33.0,73,49,99
00:30:14.485168,33.7013,0.0008,-0.3173,33.0,73,50,99
00:31:20.441664,33.3895,0.0011,-0.3148,33.0,73,49,99
00:32:26.419158,33.3860,0.0010,-0.3148,33.0,73,49,99
00:33:32.456698,33.3763,0.0010,-0.3148,33.0,73,49,99
00:34:38.515710,33.3893,0.0011,-0.3148,33.0,73,49,99
00:35:44.419375,33.3864,0.0011,-0.3148,33.0,73,49,99
00:36:50.388779,33.3763,0.0010,-0.3148,33.0,73,49,99
00:37:56.438919,33.3763,0.0010,-0.3148,33.0,73,49,99
00:39:02.439954,33.3763,0.0010,-0.3148,33.0,73,49,99
00:40:08.416691,33.3763,0.0010,-0.3148,33.0,73,49,99
00:43:15.011791,33.3797,0.0011,-0.3148,33.0,73,49,99
00:44:21.436763,33.3763,0.0010,-0.3148,33.0,73,49,99
00:45:27.349740,33.3763,0.0010,-0.3148,33.0,73,49,99
00:46:33.358806,33.3864,0.0011,-0.3148,33.0,73,49,99
00:47:39.397022,33.3893,0.0011,-0.3148,33.0,73,49,99
00:48:45.351557,33.3927,0.0011,-0.3148,33.0,73,49,99
00:49:51.359109,33.3893,0.0011,-0.3148,33.0,73,49,99
00:50:57.310322,33.3797,0.0010,-0.3148,33.0,73,49,99
00:52:03.284209,33.3928,0.0011,-0.3148,33.0,73,49,99
00:53:09.643053,33.3864,0.0011,-0.3148,33.0,73,49,99
00:54:16.274216,33.3763,0.0010,-0.3148,33.0,73,49,99
00:55:22.302442,33.3763,0.0010,-0.3148,33.0,73,49,99
00:56:28.451037,33.3928,0.0011,-0.3148,33.0,73,49,99
00:57:34.429498,33.3763,0.0010,-0.3148,33.0,73,49,99
00:58:40.335590,33.3763,0.0010,-0.3148,33.0,73,49,99
00:59:46.526830,33.3827,0.0010,-0.3148,33.0,73,49,99
01:00:53.293764,33.3961,0.0011,-0.3148,33.0,73,49,99
01:01:59.638948,33.3797,0.0011,-0.3148,33.0,73,49,99
01:05:06.923255,33.3895,0.0011,-0.3148,33.0,73,49,99
01:06:13.368655,33.3763,0.0010,-0.3148,33.0,73,49,99
01:07:19.219996,32.6851,0.0009,-0.2742,32.0,75,49,99
01:08:25.317982,32.7018,0.0009,-0.2742,32.0,75,49,99
01:09:31.194454,32.7018,0.0009,-0.2742,32.0,75,49,99
01:10:37.383123,32.6849,0.0009,-0.2742,32.0,75,49,99
01:11:43.193754,32.6952,0.0009,-0.2742,32.0,75,49,99
01:12:49.173897,32.7018,0.0009,-0.2742,32.0,75,49,99
01:13:55.213428,32.6852,0.0009,-0.2742,32.0,75,49,99
01:15:01.189080,32.7052,0.0009,-0.2742,32.0,75,49,99
01:16:07.325868,32.6985,0.0009,-0.2742,32.0,75,49,99
01:17:13.337274,32.6884,0.0009,-0.2742,32.0,75,49,99
01:18:19.176211,32.6950,0.0009,-0.2742,32.0,75,49,99
01:19:25.923241,33.3892,0.0011,-0.3148,33.0,73,49,99
01:20:32.288330,32.6851,0.0009,-0.2742,32.0,75,49,99
01:21:38.209764,32.6885,0.0009,-0.2742,32.0,75,49,99
01:22:44.225807,33.3864,0.0011,-0.3148,33.0,73,49,99
01:23:50.130757,32.6917,0.0009,-0.2742,32.0,75,49,99
01:24:56.558928,32.6851,0.0009,-0.2742,32.0,75,49,99
01:26:03.170294,32.6885,0.0009,-0.2742,32.0,75,49,99
01:27:09.402345,33.7110,0.0008,-0.3173,33.0,73,50,99
01:28:16.181031,33.3960,0.0011,-0.3148,33.0,73,49,99
01:29:22.183548,33.0126,0.0007,-0.2767,33.0,75,50,99
01:30:28.188794,33.0193,0.0007,-0.2767,33.0,75,50,99
01:31:34.242749,33.0291,0.0007,-0.2767,33.0,75,50,99
01:32:40.401272,33.0258,0.0007,-0.2767,33.0,75,50,99
01:33:47.189318,33.0291,0.0007,-0.2767,33.0,75,50,99
01:34:53.369734,33.0225,0.0007,-0.2767,33.0,75,50,99
01:36:00.315715,33.0225,0.0007,-0.2767,33.0,75,50,99
01:37:06.125816,33.0125,0.0007,-0.2767,33.0,75,50,99
01:38:12.188065,33.0225,0.0007,-0.2767,33.0,75,50,99
01:39:18.148465,33.0158,0.0006,-0.2767,33.0,75,50,99
01:40:24.092532,33.0190,0.0006,-0.2767,33.0,75,50,99
01:41:30.108463,33.0124,0.0006,-0.2767,33.0,75,50,99
01:42:36.252506,33.0125,0.0006,-0.2767,33.0,75,50,99
01:43:42.094521,33.0124,0.0007,-0.2767,33.0,75,50,99
01:44:48.043476,33.0126,0.0007,-0.2767,33.0,75,50,99
01:45:54.098427,33.0291,0.0007,-0.2767,33.0,75,50,99
01:47:00.170921,33.0190,0.0006,-0.2767,33.0,75,50,99
01:48:06.122039,33.0225,0.0007,-0.2767,33.0,75,50,99
01:49:12.130906,33.0125,0.0007,-0.2767,33.0,75,50,99
01:50:18.108584,33.0159,0.0007,-0.2767,33.0,75,50,99
01:51:24.372458,33.0258,0.0007,-0.2767,33.0,75,50,99
01:52:31.097232,33.0325,0.0007,-0.2767,33.0,75,50,99
01:53:37.115503,33.0124,0.0007,-0.2767,33.0,75,50,99
01:54:43.056798,33.0190,0.0007,-0.2767,33.0,75,50,99
01:55:49.053551,33.0291,0.0007,-0.2767,33.0,75,50,99
01:56:55.099378,33.0190,0.0006,-0.2767,33.0,75,50,99
01:58:01.022943,33.0191,0.0007,-0.2767,33.0,75,50,99
01:59:07.100648,33.0255,0.0007,-0.2767,33.0,75,50,99
02:00:13.170524,33.0125,0.0007,-0.2767,33.0,75,50,99
02:01:19.007446,33.0291,0.0007,-0.2767,33.0,75,50,99
02:02:25.129547,33.0291,0.0007,-0.2767,33.0,75,50,99
02:05:31.596750,33.0255,0.0007,-0.2767,33.0,75,50,99
02:06:38.023033,33.0125,0.0007,-0.2767,33.0,75,50,99
02:07:44.055375,33.0125,0.0006,-0.2767,33.0,75,50,99
02:08:50.066219,33.0124,0.0007,-0.2767,33.0,75,50,99
02:09:56.804484,33.0125,0.0006,-0.2767,33.0,75,50,99
02:11:02.978744,33.0259,0.0007,-0.2767,33.0,75,50,99
02:12:09.196554,33.0225,0.0007,-0.2767,33.0,75,50,99
02:13:15.956465,33.0159,0.0007,-0.2767,33.0,75,50,99
02:14:22.014424,33.0190,0.0006,-0.2767,33.0,75,50,99
02:15:28.012649,33.0291,0.0007,-0.2767,33.0,75,50,99
02:16:34.110954,33.0291,0.0007,-0.2767,33.0,75,50,99
02:17:39.942166,33.0159,0.0007,-0.2767,33.0,75,50,99
02:18:45.924897,33.0256,0.0007,-0.2767,33.0,75,50,99
02:19:51.989041,33.0258,0.0007,-0.2767,33.0,75,50,99
02:20:58.112572,33.0125,0.0007,-0.2767,33.0,75,50,99
02:22:03.954294,33.0125,0.0006,-0.2767,33.0,75,50,99
02:23:09.947356,33.0291,0.0007,-0.2767,33.0,75,50,99
02:24:15.921182,33.0125,0.0007,-0.2767,33.0,75,50,99
02:25:21.926549,33.0193,0.0007,-0.2767,33.0,75,50,99
02:26:27.956037,33.0291,0.0007,-0.2767,33.0,75,50,99
02:27:33.901172,33.0124,0.0007,-0.2767,33.0,75,50,99
02:28:39.813974,33.0125,0.0006,-0.2767,33.0,75,50,99
02:29:45.983493,33.0125,0.0007,-0.2767,33.0,75,50,99
02:30:51.919665,33.0291,0.0007,-0.2767,33.0,75,50,99
02:31:57.859955,33.0291,0.0007,-0.2767,33.0,75,50,99
02:33:03.940808,33.0291,0.0007,-0.2767,33.0,75,50,99
02:34:09.932958,33.0124,0.0007,-0.2767,33.0,75,50,99
02:37:16.421964,33.0125,0.0006,-0.2767,33.0,75,50,99
02:38:22.937105,33.0191,0.0007,-0.2767,33.0,75,50,99
02:39:28.957299,33.0291,0.0007,-0.2767,33.0,75,50,99
02:40:34.793250,33.0291,0.0007,-0.2767,33.0,75,50,99
02:41:40.845752,33.0225,0.0007,-0.2767,33.0,75,50,99
02:42:46.796761,33.0124,0.0007,-0.2767,33.0,75,50,99
02:43:52.814521,33.0227,0.0007,-0.2767,33.0,75,50,99
02:44:58.875701,33.0256,0.0007,-0.2767,33.0,75,50,99
02:46:04.820588,33.0259,0.0007,-0.2767,33.0,75,50,99
02:47:10.791218,33.3256,0.0004,-0.2791,33.0,75,51,99
02:48:16.787111,33.3354,0.0004,-0.2791,33.0,75,51,99
02:49:22.862919,33.3254,0.0004,-0.2791,33.0,75,51,99
02:50:28.789810,33.0159,0.0006,-0.2767,33.0,75,50,99
02:51:34.936532,33.0159,0.0006,-0.2767,33.0,75,50,99
02:52:40.774422,33.3418,0.0004,-0.2791,33.0,75,51,99
02:53:46.753648,33.3255,0.0004,-0.2791,33.0,75,51,99
02:54:52.781267,33.3289,0.0004,-0.2791,33.0,75,51,99
02:55:58.827736,33.3350,0.0004,-0.2791,33.0,75,51,99
02:57:04.782645,33.3256,0.0004,-0.2791,33.0,75,51,99
02:58:10.933279,33.0291,0.0007,-0.2767,33.0,75,50,99
02:59:16.841126,33.3354,0.0004,-0.2791,33.0,75,51,99
03:00:22.844881,33.3385,0.0004,-0.2791,33.0,75,51,99
03:01:28.749837,33.0291,0.0007,-0.2767,33.0,75,50,99
03:02:34.739891,33.3418,0.0004,-0.2791,33.0,75,51,99
03:03:41.074816,33.3255,0.0004,-0.2791,33.0,75,51,99
03:04:47.871130,33.0257,0.0007,-0.2767,33.0,75,50,99
03:05:53.681947,33.0290,0.0007,-0.2767,33.0,75,50,99
03:06:59.754717,33.0190,0.0006,-0.2767,33.0,75,50,99
03:08:05.652299,33.0291,0.0007,-0.2767,33.0,75,50,99
03:09:11.709830,33.0159,0.0007,-0.2767,33.0,75,50,99
03:10:17.672956,33.0124,0.0007,-0.2767,33.0,75,50,99
03:11:23.715625,33.0256,0.0007,-0.2767,33.0,75,50,99
03:12:29.674450,33.0159,0.0007,-0.2767,33.0,75,50,99
03:13:35.728781,33.0223,0.0007,-0.2767,33.0,75,50,99
03:14:41.716083,33.3255,0.0004,-0.2791,33.0,75,51,99
03:15:47.883239,33.3386,0.0004,-0.2791,33.0,75,51,99
03:16:53.673725,33.0256,0.0007,-0.2767,33.0,75,50,99
03:17:59.712566,33.3255,0.0004,-0.2791,33.0,75,51,99
03:19:05.682044,33.3287,0.0004,-0.2791,33.0,75,51,99
03:20:11.682095,33.3319,0.0004,-0.2791,33.0,75,51,99
03:21:17.616050,33.3418,0.0004,-0.2791,33.0,75,51,99
03:22:23.686203,33.3354,0.0004,-0.2791,33.0,75,51,99
03:25:30.340075,33.3386,0.0004,-0.2791,33.0,75,51,99
03:26:36.612066,33.3419,0.0004,-0.2791,33.0,75,51,99
03:27:42.635262,33.3320,0.0004,-0.2791,33.0,75,51,99
03:28:48.642533,33.3451,0.0004,-0.2791,33.0,75,51,99
03:29:54.626174,33.0257,0.0007,-0.2767,33.0,75,50,99
03:31:00.720403,33.3318,0.0004,-0.2791,33.0,75,51,99
03:32:06.568562,33.3418,0.0004,-0.2791,33.0,75,51,99
03:33:12.645865,33.0125,0.0007,-0.2767,33.0,75,50,99
03:34:18.547951,33.3255,0.0004,-0.2791,33.0,75,51,99
03:35:24.605444,33.3255,0.0004,-0.2791,33.0,75,51,-1
03:36:30.607511,33.3255,0.0004,-0.2791,33.0,75,51,99
03:37:36.628786,33.3419,0.0004,-0.2791,33.0,75,51,99
03:38:42.619883,33.3418,0.0004,-0.2791,33.0,75,51,99
03:39:48.973115,33.3355,0.0004,-0.2791,33.0,75,51,99
03:40:55.602040,33.3319,0.0004,-0.2791,33.0,75,51,99
03:42:01.570942,33.3355,0.0004,-0.2791,33.0,75,51,99
03:43:07.554343,33.0291,0.0007,-0.2767,33.0,75,50,99
03:44:13.595437,33.3318,0.0004,-0.2791,33.0,75,51,99
03:45:19.641936,33.3353,0.0004,-0.2791,33.0,75,51,99
03:46:25.572270,33.3384,0.0004,-0.2791,33.0,75,51,99
03:47:31.538927,33.3255,0.0004,-0.2791,33.0,75,51,99
03:48:37.596853,33.3319,0.0004,-0.2791,33.0,75,51,99
03:49:43.675072,33.3418,0.0004,-0.2791,33.0,75,51,99
03:50:49.517725,33.3419,0.0004,-0.2791,33.0,75,51,99
03:51:55.523603,33.3417,0.0004,-0.2791,33.0,75,51,99
03:53:01.554879,33.3451,0.0004,-0.2791,33.0,75,51,99
03:54:07.562516,33.3386,0.0004,-0.2791,33.0,75,51,99
03:55:13.518697,33.3385,0.0004,-0.2791,33.0,75,51,99
03:56:19.504675,33.3321,0.0004,-0.2791,33.0,75,51,99
03:57:25.545570,33.3418,0.0004,-0.2791,33.0,75,51,99
03:58:31.542123,33.3350,0.0004,-0.2791,33.0,75,51,99
03:59:37.446489,33.3418,0.0004,-0.2791,33.0,75,51,99
04:00:43.536739,33.3383,0.0004,-0.2791,33.0,75,51,99
04:01:49.436978,33.3254,0.0004,-0.2791,33.0,75,51,99
04:02:55.505925,33.3385,0.0004,-0.2791,33.0,75,51,99
04:04:01.748210,33.3256,0.0004,-0.2791,33.0,75,51,99
04:05:08.441166,33.3418,0.0004,-0.2791,33.0,75,51,99
04:06:14.499425,33.3351,0.0004,-0.2791,33.0,75,51,99
04:07:20.419287,33.3255,0.0004,-0.2791,33.0,75,51,99
04:08:26.485153,33.3418,0.0004,-0.2791,33.0,75,51,99
04:09:32.497437,33.3418,0.0004,-0.2791,33.0,75,51,99
04:10:38.514357,33.3255,0.0004,-0.2791,33.0,75,51,99
04:11:44.450620,33.3386,0.0004,-0.2791,33.0,75,51,99
04:12:50.846469,33.3255,0.0004,-0.2791,33.0,75,51,99
04:13:57.417930,33.3287,0.0004,-0.2791,33.0,75,51,99
04:15:03.567493,33.3319,0.0004,-0.2791,33.0,75,51,99
04:16:09.521387,33.3254,0.0004,-0.2791,33.0,75,51,99
04:17:15.447936,33.3256,0.0004,-0.2791,33.0,75,51,99
04:18:21.603054,33.3318,0.0004,-0.2791,33.0,75,51,99
04:19:27.530014,33.3384,0.0004,-0.2791,33.0,75,51,99
04:20:33.369530,33.3354,0.0004,-0.2791,33.0,75,51,99
04:21:39.468085,33.3418,0.0004,-0.2791,33.0,75,51,99
04:22:45.384058,33.3384,0.0004,-0.2791,33.0,75,51,99
04:23:51.427516,33.0125,0.0007,-0.2767,33.0,75,50,99
04:24:57.430715,33.3387,0.0004,-0.2791,33.0,75,51,99
04:26:03.331982,33.3255,0.0004,-0.2791,33.0,75,51,99
04:27:09.362459,33.3419,0.0004,-0.2791,33.0,75,51,99
04:28:15.637905,33.3418,0.0004,-0.2791,33.0,75,51,99
04:29:22.372250,33.3255,0.0004,-0.2791,33.0,75,51,99
04:30:28.301127,33.3255,0.0004,-0.2791,33.0,75,51,99
04:31:34.438530,33.3254,0.0004,-0.2791,33.0,75,51,99
04:32:40.439541,33.3355,0.0004,-0.2791,33.0,75,51,99
04:33:46.378933,33.3256,0.0004,-0.2791,33.0,75,51,99
04:34:52.409743,33.3419,0.0004,-0.2791,33.0,75,51,99
04:35:58.473974,33.3350,0.0004,-0.2791,33.0,75,51,99
04:37:04.396164,33.3354,0.0004,-0.2791,33.0,75,51,99
04:38:10.661595,33.3288,0.0004,-0.2791,33.0,75,51,99
04:39:17.478937,33.3384,0.0004,-0.2791,33.0,75,51,99
04:40:23.305748,33.3255,0.0004,-0.2791,33.0,75,51,99
04:41:29.359601,33.3419,0.0004,-0.2791,33.0,75,51,99
04:42:35.400021,33.3385,0.0004,-0.2791,33.0,75,51,99
04:43:41.360557,33.3319,0.0004,-0.2791,33.0,75,51,99
04:44:47.273672,33.3384,0.0004,-0.2791,33.0,75,51,99
04:47:53.844840,33.3255,0.0004,-0.2791,33.0,75,51,99
04:49:00.296199,33.3418,0.0004,-0.2791,33.0,75,51,99
04:50:06.244735,33.3321,0.0004,-0.2791,33.0,75,51,99
04:51:12.278582,33.3384,0.0004,-0.2791,33.0,75,51,99
04:52:18.227058,33.3289,0.0004,-0.2791,33.0,75,51,99
04:53:24.261319,33.3385,0.0004,-0.2791,33.0,75,51,99
04:54:30.211332,33.3419,0.0004,-0.2791,33.0,75,51,99
04:55:36.293518,33.3354,0.0004,-0.2791,33.0,75,51,99
04:56:42.218280,33.3418,0.0004,-0.2791,33.0,75,51,99
04:57:48.546059,33.3418,0.0004,-0.2791,33.0,75,51,99
04:58:55.288173,33.3354,0.0004,-0.2791,33.0,75,51,99
05:00:01.614480,33.3255,0.0004,-0.2791,33.0,75,51,99
05:01:08.281721,33.3384,0.0004,-0.2791,33.0,75,51,99
05:02:14.209751,33.3255,0.0004,-0.2791,33.0,75,51,99
05:05:20.942916,33.3255,0.0004,-0.2791,33.0,75,51,99
05:06:27.218283,33.3254,0.0004,-0.2791,33.0,75,51,99
05:07:33.173456,33.3256,0.0004,-0.2791,33.0,75,51,99
05:08:39.735517,33.3417,0.0004,-0.2791,33.0,75,51,99
05:09:46.158310,33.3354,0.0004,-0.2791,33.0,75,51,99
05:10:52.105912,33.3255,0.0004,-0.2791,33.0,75,51,99
05:11:58.192696,33.3385,0.0004,-0.2791,33.0,75,51,99
05:13:04.099159,33.3418,0.0004,-0.2791,33.0,75,51,99
05:14:10.303585,33.3254,0.0004,-0.2791,33.0,75,51,99
05:15:16.190738,33.3355,0.0004,-0.2791,33.0,75,51,99
05:16:22.195273,33.3384,0.0004,-0.2791,33.0,75,51,99
05:17:28.206058,33.3383,0.0004,-0.2791,33.0,75,51,99
05:20:34.688663,33.3355,0.0004,-0.2791,33.0,75,51,99
05:21:41.128953,33.3254,0.0004,-0.2791,33.0,75,51,99
05:22:47.071195,33.3385,0.0004,-0.2791,33.0,75,51,99
05:23:53.127840,33.3354,0.0004,-0.2791,33.0,75,51,99
05:24:59.054675,33.0291,0.0007,-0.2767,33.0,75,50,99
05:26:05.146302,33.3287,0.0004,-0.2791,33.0,75,51,99
05:27:11.128104,33.0190,0.0007,-0.2767,33.0,75,50,99
05:28:17.202305,33.3417,0.0004,-0.2791,33.0,75,51,99
05:29:23.129378,33.0124,0.0006,-0.2767,33.0,75,50,99
05:30:29.092306,33.3386,0.0004,-0.2791,33.0,75,51,99
05:31:35.065446,33.3288,0.0004,-0.2791,33.0,75,51,99
05:32:41.112879,33.3254,0.0004,-0.2791,33.0,75,51,99
05:33:47.102520,33.3353,0.0004,-0.2791,33.0,75,51,99
05:34:52.957460,33.3384,0.0004,-0.2791,33.0,75,51,99
05:35:59.046302,33.3318,0.0004,-0.2791,33.0,75,51,99
05:37:05.074570,33.3385,0.0004,-0.2791,33.0,75,51,99
05:38:11.035750,33.3418,0.0004,-0.2791,33.0,75,51,99
05:39:17.070752,33.3254,0.0004,-0.2791,33.0,75,51,99
05:40:23.572601,33.3355,0.0004,-0.2791,33.0,75,51,99
05:41:30.156047,33.3418,0.0004,-0.2791,33.0,75,51,99
05:42:36.079741,33.3355,0.0004,-0.2791,33.0,75,51,99
05:43:42.059195,33.3451,0.0004,-0.2791,33.0,75,51,99
05:44:48.108077,33.3418,0.0004,-0.2791,33.0,75,51,99
05:45:54.077085,33.3322,0.0004,-0.2791,33.0,75,51,99
05:47:00.068798,33.3287,0.0004,-0.2791,33.0,75,51,99
05:48:06.034540,33.3418,0.0004,-0.2791,33.0,75,51,99
05:49:12.049543,33.3354,0.0004,-0.2791,33.0,75,51,99
05:50:18.008996,33.3318,0.0004,-0.2791,33.0,75,51,99
05:51:24.082063,33.3254,0.0004,-0.2791,33.0,75,51,99
05:52:29.986228,33.3255,0.0004,-0.2791,33.0,75,51,99
05:53:36.416794,33.3354,0.0004,-0.2791,33.0,75,51,99
05:54:43.216586,33.3254,0.0004,-0.2791,33.0,75,51,99
05:55:49.970900,33.3451,0.0004,-0.2791,33.0,75,51,99
05:56:56.033983,33.3419,0.0004,-0.2791,33.0,75,51,99
05:58:01.973594,33.3289,0.0004,-0.2791,33.0,75,51,99
05:59:07.938506,33.3289,0.0004,-0.2791,33.0,75,51,99
06:00:14.079232,33.3384,0.0004,-0.2791,33.0,75,51,99
06:01:19.926252,33.3418,0.0004,-0.2791,33.0,75,51,99
06:02:25.977295,33.3354,0.0004,-0.2791,33.0,75,51,99
06:03:32.071525,33.3319,0.0004,-0.2791,33.0,75,51,99
06:04:37.993863,33.3385,0.0004,-0.2791,33.0,75,51,99
06:05:44.018752,33.3385,0.0004,-0.2791,33.0,75,51,99
06:06:49.952266,33.3419,0.0004,-0.2791,33.0,75,51,99
06:09:56.532725,33.3419,0.0004,-0.2791,33.0,75,51,99
06:11:03.147586,33.3417,0.0004,-0.2791,33.0,75,51,99
06:12:09.832999,33.3255,0.0004,-0.2791,33.0,75,51,99
06:13:15.875822,33.3255,0.0004,-0.2791,33.0,75,51,99
06:14:22.010850,33.3255,0.0004,-0.2791,33.0,75,51,99
06:15:27.909449,33.3255,0.0004,-0.2791,33.0,75,51,99
06:16:33.878948,33.3385,0.0004,-0.2791,33.0,75,51,99
06:17:39.905238,33.3419,0.0004,-0.2791,33.0,75,51,99
06:18:46.058118,33.3385,0.0004,-0.2791,33.0,75,51,99
06:19:51.867403,33.3253,0.0004,-0.2791,33.0,75,51,99
06:20:57.845974,33.3320,0.0004,-0.2791,33.0,75,51,99
06:22:03.927245,33.3354,0.0004,-0.2791,33.0,75,51,99
06:23:09.900889,33.3383,0.0004,-0.2791,33.0,75,51,99
06:24:15.965178,33.3419,0.0004,-0.2791,33.0,75,51,99
06:25:21.917205,33.3254,0.0004,-0.2791,33.0,75,51,99
06:26:27.854753,33.3417,0.0004,-0.2791,33.0,75,51,99
06:27:33.888610,33.3385,0.0004,-0.2791,33.0,75,51,99
06:28:39.868399,33.3418,0.0004,-0.2791,33.0,75,51,99
06:29:45.926276,33.3419,0.0004,-0.2791,33.0,75,51,99
06:30:51.910875,33.3386,0.0004,-0.2791,33.0,75,51,99
06:31:57.832027,33.3418,0.0004,-0.2791,33.0,75,51,99
06:33:03.886631,33.3419,0.0004,-0.2791,33.0,75,51,99
06:34:09.773481,33.3419,0.0004,-0.2791,33.0,75,51,99
06:35:15.813884,33.3386,0.0004,-0.2791,33.0,75,51,99
06:36:21.938607,33.3255,0.0004,-0.2791,33.0,75,51,99
06:37:27.813345,33.3255,0.0004,-0.2791,33.0,75,51,99
06:38:33.775084,33.3255,0.0004,-0.2791,33.0,75,51,99
06:39:39.850794,33.3318,0.0004,-0.2791,33.0,75,51,99
06:40:45.767851,33.3418,0.0004,-0.2791,33.0,75,51,99
06:41:51.838752,33.3254,0.0004,-0.2791,33.0,75,51,99
06:42:57.829771,33.3418,0.0004,-0.2791,33.0,75,51,99
06:44:03.762438,33.3255,0.0004,-0.2791,33.0,75,51,99
06:45:09.849215,33.3418,0.0004,-0.2791,33.0,75,51,99
06:46:15.779077,33.3255,0.0004,-0.2791,33.0,75,51,99
06:47:21.754442,33.3418,0.0004,-0.2791,33.0,75,51,99
06:48:27.758009,33.3418,0.0004,-0.2791,33.0,75,51,99
06:49:33.839205,33.3256,0.0004,-0.2791,33.0,75,51,99
06:50:39.744713,33.3321,0.0004,-0.2791,33.0,75,51,99
06:51:45.890970,33.3419,0.0004,-0.2791,33.0,75,51,99
06:52:51.632414,33.3255,0.0004,-0.2791,33.0,75,51,99
06:53:57.705816,33.3417,0.0004,-0.2791,33.0,75,51,99
06:55:03.724525,33.3289,0.0004,-0.2791,33.0,75,51,99
06:56:09.725811,33.3451,0.0004,-0.2791,33.0,75,51,99
06:57:15.722288,33.3287,0.0004,-0.2791,33.0,75,51,99
06:58:21.729606,33.6239,0.0001,-0.2816,33.0,75,52,99
06:59:27.813570,33.3383,0.0004,-0.2791,33.0,75,51,99
07:00:33.691337,33.3255,0.0004,-0.2791,33.0,75,51,99
07:01:39.609025,33.6303,0.0001,-0.2816,33.0,75,52,99
07:02:45.673115,33.6400,0.0001,-0.2816,33.0,75,52,99
07:03:51.608221,33.6369,0.0001,-0.2816,33.0,75,52,99
07:04:57.676921,33.6339,0.0001,-0.2816,33.0,75,52,99
07:06:03.633552,33.3383,0.0004,-0.2791,33.0,75,51,99
07:07:09.694792,33.3255,0.0004,-0.2791,33.0,75,51,99
07:08:15.680384,33.3254,0.0004,-0.2791,33.0,75,51,99
07:09:22.173471,33.3321,0.0004,-0.2791,33.0,75,51,99
07:10:28.635134,33.3319,0.0004,-0.2791,33.0,75,51,99
07:11:34.580703,33.3354,0.0004,-0.2791,33.0,75,51,99
07:12:40.661073,33.3355,0.0004,-0.2791,33.0,75,51,99
07:13:46.611067,33.3256,0.0004,-0.2791,33.0,75,51,99
07:14:52.813862,33.3321,0.0004,-0.2791,33.0,75,51,99
07:15:58.639587,33.3418,0.0004,-0.2791,33.0,75,51,99
07:17:04.625460,33.3289,0.0004,-0.2791,33.0,75,51,99
07:18:10.559845,33.3256,0.0004,-0.2791,33.0,75,51,99
07:19:16.606592,33.3384,0.0004,-0.2791,33.0,75,51,99
07:20:22.596093,33.3287,0.0004,-0.2791,33.0,75,51,99
07:21:28.589231,33.3351,0.0004,-0.2791,33.0,75,51,99
07:22:34.591357,33.3417,0.0004,-0.2791,33.0,75,51,99
07:25:41.140615,33.3355,0.0004,-0.2791,33.0,75,51,99
07:26:47.583912,33.3288,0.0004,-0.2791,33.0,75,51,99
07:27:53.559866,33.3418,0.0004,-0.2791,33.0,75,51,99
07:28:59.573055,33.3319,0.0004,-0.2791,33.0,75,51,99
07:30:05.747178,33.3418,0.0004,-0.2791,33.0,75,51,99
07:31:11.594692,33.3289,0.0004,-0.2791,33.0,75,51,99
07:32:17.535645,33.3387,0.0004,-0.2791,33.0,75,51,99
07:33:23.653630,33.3320,0.0004,-0.2791,33.0,75,51,99
07:34:29.499915,33.3418,0.0004,-0.2791,33.0,75,51,99
07:35:35.547326,33.3386,0.0004,-0.2791,33.0,75,51,99
07:36:41.655631,33.3418,0.0004,-0.2791,33.0,75,51,99
07:37:47.560240,33.3451,0.0004,-0.2791,33.0,75,51,99
07:38:53.561720,33.3419,0.0004,-0.2791,33.0,75,51,99
07:39:59.545745,33.3255,0.0004,-0.2791,33.0,75,51,99
07:41:05.494880,33.3289,0.0004,-0.2791,33.0,75,51,99
07:42:11.450458,33.3255,0.0004,-0.2791,33.0,75,51,99
07:43:17.486979,33.3255,0.0004,-0.2791,33.0,75,51,99
07:44:23.403607,33.3321,0.0004,-0.2791,33.0,75,51,99
07:45:29.727334,33.3418,0.0004,-0.2791,33.0,75,51,99
07:46:36.631944,33.3386,0.0004,-0.2791,33.0,75,51,99
07:47:42.480690,33.3255,0.0004,-0.2791,33.0,75,51,99
07:48:48.474571,33.3418,0.0004,-0.2791,33.0,75,51,99
07:49:54.491004,33.3384,0.0004,-0.2791,33.0,75,51,99
07:51:00.427563,33.3321,0.0004,-0.2791,33.0,75,51,99
07:54:07.018983,33.3417,0.0004,-0.2791,33.0,75,51,99
07:55:13.528447,33.3255,0.0004,-0.2791,33.0,75,51,99
07:56:19.658257,33.3418,0.0004,-0.2791,33.0,75,51,99
07:57:26.434920,33.3288,0.0004,-0.2791,33.0,75,51,99
07:58:32.400556,33.3417,0.0004,-0.2791,33.0,75,51,99
07:59:38.454061,33.3419,0.0004,-0.2791,33.0,75,51,99
08:00:44.428125,33.3319,0.0004,-0.2791,33.0,75,51,99
08:01:50.328946,33.3418,0.0004,-0.2791,33.0,75,51,99
08:02:56.509794,33.3288,0.0004,-0.2791,33.0,75,51,99
08:04:02.345991,33.3386,0.0004,-0.2791,33.0,75,51,99
08:05:08.416913,33.3354,0.0004,-0.2791,33.0,75,51,99
08:06:14.361138,33.0159,0.0007,-0.2767,33.0,75,50,99
08:07:20.461011,33.3384,0.0004,-0.2791,33.0,75,51,99
08:08:26.448081,33.0124,0.0007,-0.2767,33.0,75,50,99
08:09:32.369057,33.0125,0.0007,-0.2767,33.0,75,50,99
08:10:38.518549,33.0291,0.0007,-0.2767,33.0,75,50,99
08:11:44.383816,33.0258,0.0007,-0.2767,33.0,75,50,99
08:12:50.550023,33.0258,0.0007,-0.2767,33.0,75,50,99
08:13:56.382242,33.0190,0.0006,-0.2767,33.0,75,50,99
08:15:02.356152,33.3254,0.0004,-0.2791,33.0,75,51,99
08:16:08.363490,33.3255,0.0004,-0.2791,33.0,75,51,99
08:17:14.596484,33.0125,0.0007,-0.2767,33.0,75,50,99
08:18:21.470773,33.3417,0.0004,-0.2791,33.0,75,51,99
08:19:27.400960,33.3288,0.0004,-0.2791,33.0,75,51,99
08:20:33.408331,33.3255,0.0004,-0.2791,33.0,75,51,99
08:21:39.306256,33.3351,0.0004,-0.2791,33.0,75,51,99
08:22:45.431315,33.3319,0.0004,-0.2791,33.0,75,51,99
08:23:51.331920,33.3318,0.0004,-0.2791,33.0,75,51,99
08:24:57.293571,33.3255,0.0004,-0.2791,33.0,75,51,99
08:26:03.316876,33.3418,0.0004,-0.2791,33.0,75,51,99
08:27:09.268698,33.3254,0.0004,-0.2791,33.0,75,51,99
08:28:15.278885,33.3289,0.0004,-0.2791,33.0,75,51,99
08:29:21.555919,33.3451,0.0004,-0.2791,33.0,75,51,99
08:30:28.338311,33.3255,0.0004,-0.2791,33.0,75,51,99
08:31:34.276922,33.3418,0.0004,-0.2791,33.0,75,51,99
08:32:40.231505,33.3256,0.0004,-0.2791,33.0,75,51,99
08:33:46.300496,33.3418,0.0004,-0.2791,33.0,75,51,99
08:34:52.216399,33.3418,0.0004,-0.2791,33.0,75,51,99
08:35:58.216277,33.3418,0.0004,-0.2791,33.0,75,51,99
08:37:04.281932,33.3287,0.0004,-0.2791,33.0,75,51,99
08:38:10.458619,33.3288,0.0004,-0.2791,33.0,75,51,99
08:39:16.224696,33.3255,0.0004,-0.2791,33.0,75,51,99
08:40:22.346276,33.0159,0.0006,-0.2767,33.0,75,50,99
08:41:28.178975,33.0124,0.0007,-0.2767,33.0,75,50,99
08:42:34.245168,33.0192,0.0007,-0.2767,33.0,75,50,99
08:43:40.165049,33.0258,0.0007,-0.2767,33.0,75,50,99
08:44:46.235690,33.0124,0.0007,-0.2767,33.0,75,50,99
08:45:52.204187,33.0221,0.0007,-0.2767,33.0,75,50,99
08:46:58.214245,33.0291,0.0007,-0.2767,33.0,75,50,99
08:48:04.199714,33.0190,0.0006,-0.2767,33.0,75,50,99
08:49:10.273255,33.0125,0.0007,-0.2767,33.0,75,50,99
08:50:16.163934,33.0124,0.0007,-0.2767,33.0,75,50,99
08:51:22.216949,33.0159,0.0006,-0.2767,33.0,75,50,99
08:52:28.165169,33.0290,0.0007,-0.2767,33.0,75,50,99
08:53:34.252481,33.0158,0.0006,-0.2767,33.0,75,50,99
08:54:40.256046,33.0259,0.0007,-0.2767,33.0,75,50,99
08:55:46.274829,33.0225,0.0007,-0.2767,33.0,75,50,99
08:56:52.278851,33.0291,0.0007,-0.2767,33.0,75,50,99
08:57:58.396841,33.0125,0.0007,-0.2767,33.0,75,50,99
08:59:05.187415,33.0159,0.0007,-0.2767,33.0,75,50,99
09:00:11.187517,33.0125,0.0006,-0.2767,33.0,75,50,99
09:01:17.149871,33.0257,0.0007,-0.2767,33.0,75,50,99
09:02:23.220965,33.0255,0.0007,-0.2767,33.0,75,50,99
09:03:29.339229,33.0125,0.0006,-0.2767,33.0,75,50,99
09:04:35.253730,33.0290,0.0007,-0.2767,33.0,75,50,99
09:05:41.119932,33.0226,0.0007,-0.2767,33.0,75,50,99
09:06:47.086620,33.0225,0.0007,-0.2767,33.0,75,50,99
09:07:53.135502,33.0125,0.0007,-0.2767,33.0,75,50,99
09:08:59.074008,33.0291,0.0007,-0.2767,33.0,75,50,99
09:12:05.744093,33.0257,0.0007,-0.2767,33.0,75,50,99
09:13:12.146411,33.0125,0.0007,-0.2767,33.0,75,50,99
09:14:18.047634,33.0291,0.0007,-0.2767,33.0,75,50,99
09:15:24.132695,33.0124,0.0007,-0.2767,33.0,75,50,99
09:16:30.274895,33.0291,0.0007,-0.2767,33.0,75,50,99
09:17:36.266354,33.0324,0.0007,-0.2767,33.0,75,50,99
09:18:42.041426,33.0225,0.0007,-0.2767,33.0,75,50,99
09:19:48.059855,33.0124,0.0007,-0.2767,33.0,75,50,99
09:20:54.292191,33.0159,0.0007,-0.2767,33.0,75,50,99
09:22:01.162168,33.0257,0.0007,-0.2767,33.0,75,50,99
09:23:07.283299,33.0257,0.0007,-0.2767,33.0,75,50,99
09:24:14.079778,33.0291,0.0007,-0.2767,33.0,75,50,99
09:25:20.186515,33.0125,0.0006,-0.2767,33.0,75,50,99
09:26:26.121771,33.0258,0.0007,-0.2767,33.0,75,50,99
09:27:31.965765,33.0256,0.0007,-0.2767,33.0,75,50,99
09:28:38.227221,33.0125,0.0006,-0.2767,33.0,75,50,99
09:29:44.089230,33.0125,0.0007,-0.2767,33.0,75,50,99
09:30:49.998533,33.0126,0.0006,-0.2767,33.0,75,50,99
09:31:56.036076,33.0124,0.0007,-0.2767,33.0,75,50,99
09:33:01.997858,33.3318,0.0004,-0.2791,33.0,75,51,99
09:34:08.032079,33.0291,0.0007,-0.2767,33.0,75,50,99
09:35:14.233298,33.0158,0.0006,-0.2767,33.0,75,50,99
09:36:20.979998,33.0258,0.0007,-0.2767,33.0,75,50,99
09:37:27.017985,33.0125,0.0007,-0.2767,33.0,75,50,99
09:38:33.123742,33.0291,0.0007,-0.2767,33.0,75,50,99
09:39:39.001745,33.0159,0.0007,-0.2767,33.0,75,50,99
09:40:44.951972,33.0325,0.0007,-0.2767,33.0,75,50,99
09:41:51.044481,33.0159,0.0007,-0.2767,33.0,75,50,99
09:42:57.184908,33.0256,0.0007,-0.2767,33.0,75,50,99
09:44:04.105537,32.6043,0.0003,-0.2380,32.0,77,51,99
09:45:09.984444,32.2856,0.0005,-0.2356,32.0,77,50,99
09:46:16.011910,32.3025,0.0006,-0.2356,32.0,77,50,99
09:47:21.991737,32.2989,0.0005,-0.2356,32.0,77,50,99
09:48:27.968755,32.2855,0.0005,-0.2356,32.0,77,50,99
09:49:33.967591,31.6187,0.0011,-0.2307,31.0,77,48,99
09:50:40.002282,31.6046,0.0011,-0.2307,31.0,77,48,99
09:51:45.947266,30.8659,0.0017,-0.2258,30.0,77,46,99
09:52:51.912341,30.8659,0.0017,-0.2258,30.0,77,46,99
09:53:57.947055,30.8767,0.0017,-0.2258,30.0,77,46,99
09:55:03.973968,30.8839,0.0017,-0.2258,30.0,77,46,99
09:56:09.904952,30.4786,0.0019,-0.2234,30.0,77,45,99
09:57:16.447081,31.6047,0.0011,-0.2307,31.0,77,48,99
09:58:23.160004,30.4931,0.0020,-0.2234,30.0,77,45,99
09:59:29.891351,31.2496,0.0014,-0.2283,31.0,77,47,99
10:00:35.853216,31.9662,0.0008,-0.2331,31.0,77,49,99
10:01:42.003570,31.9661,0.0008,-0.2331,31.0,77,49,99
10:02:47.971265,31.6184,0.0011,-0.2307,31.0,77,48,99
10:03:53.925689,31.9696,0.0008,-0.2331,31.0,77,49,99
10:04:59.878292,31.6154,0.0011,-0.2307,31.0,77,48,99
10:06:05.882901,30.0693,0.0022,-0.2209,30.0,77,44,99
10:07:11.867883,32.9217,-0.0000,-0.2405,32.0,77,52,99
10:08:17.884018,31.9626,0.0008,-0.2331,31.0,77,49,99
10:09:23.884433,30.4786,0.0019,-0.2234,30.0,77,45,99
10:10:29.782990,33.2146,-0.0003,-0.2429,33.0,77,53,99
10:11:36.047962,32.6042,0.0003,-0.2380,32.0,77,51,99
10:12:41.819062,32.9152,-0.0000,-0.2405,32.0,77,52,99
10:13:48.020740,32.2890,0.0005,-0.2356,32.0,77,50,99
10:14:53.918514,30.8839,0.0017,-0.2258,30.0,77,46,99
10:15:59.844186,32.3059,0.0006,-0.2356,32.0,77,50,99
10:17:05.850321,31.6047,0.0011,-0.2307,31.0,77,48,99
10:18:11.834298,32.6110,0.0003,-0.2380,32.0,77,51,99
10:19:17.901814,32.6210,0.0003,-0.2380,32.0,77,51,99
10:20:23.939835,31.9696,0.0008,-0.2331,31.0,77,49,99
10:21:29.973465,31.6047,0.0011,-0.2307,31.0,77,48,99
10:22:35.839003,31.9868,0.0015,-0.2694,31.0,75,47,99
10:23:42.089002,31.2567,0.0014,-0.2283,31.0,77,47,99
10:24:48.813048,30.8801,0.0017,-0.2258,30.0,77,46,99
10:25:54.936311,31.2306,0.0021,-0.2645,31.0,75,45,99
10:27:00.854513,31.6159,0.0018,-0.2669,31.0,75,46,99
10:28:06.785702,30.4349,0.0026,-0.2596,30.0,75,43,99
10:29:12.910058,30.0024,0.0029,-0.2572,30.0,75,42,99
10:30:18.768807,31.6334,0.0018,-0.2669,31.0,75,46,99
10:31:24.718931,29.9878,0.0029,-0.2572,29.0,75,42,99
10:32:30.775610,31.9935,0.0015,-0.2694,31.0,75,47,99
10:33:36.789227,32.0040,0.0015,-0.2694,32.0,75,47,99
10:34:42.764055,31.2447,0.0021,-0.2645,31.0,75,45,99
10:35:48.911313,30.4894,0.0020,-0.2234,30.0,77,45,99
10:36:54.852124,30.0804,0.0022,-0.2209,30.0,77,44,99
10:38:00.777036,30.4749,0.0019,-0.2234,30.0,77,45,99
10:39:06.705114,30.0876,0.0022,-0.2209,30.0,77,44,99
10:40:12.801469,30.8488,0.0024,-0.2620,30.0,75,44,99
10:41:18.735257,29.9951,0.0029,-0.2572,29.0,75,42,99
10:42:24.642877,30.4202,0.0026,-0.2596,30.0,75,43,99
10:43:30.731934,29.5595,0.0032,-0.2547,29.0,75,41,99
10:44:36.636195,30.8345,0.0023,-0.2620,30.0,75,44,99
10:45:42.727885,29.5446,0.0032,-0.2547,29.0,75,41,99
10:46:48.787148,29.5633,0.0032,-0.2547,29.0,75,41,99
10:47:54.678566,30.8488,0.0024,-0.2620,30.0,75,44,99
10:49:00.649074,30.0100,0.0029,-0.2572,30.0,75,42,99
10:50:06.655265,30.4276,0.0026,-0.2596,30.0,75,43,99
10:51:12.666907,31.6159,0.0018,-0.2669,31.0,75,46,99
10:52:18.688474,30.4822,0.0019,-0.2234,30.0,77,45,99
10:53:24.729694,30.8659,0.0017,-0.2258,30.0,77,46,99
10:54:30.669911,30.0729,0.0022,-0.2209,30.0,77,44,99
10:55:36.795072,29.6529,0.0025,-0.2185,29.0,77,43,99
10:56:42.655895,30.4820,0.0019,-0.2234,30.0,77,45,99
10:57:48.688135,30.0693,0.0022,-0.2209,30.0,77,44,99
10:58:54.863226,30.4930,0.0020,-0.2234,30.0,77,45,99
11:00:01.698856,29.6567,0.0025,-0.2185,29.0,77,43,99
11:01:07.770044,30.4747,0.0019,-0.2234,30.0,77,45,99
11:02:13.643369,31.2567,0.0014,-0.2283,31.0,77,47,99
11:03:19.716540,29.6492,0.0025,-0.2185,29.0,77,43,99
11:04:25.657012,30.4786,0.0019,-0.2234,30.0,77,45,99
11:05:31.815162,28.3104,0.0034,-0.2112,28.0,77,40,99
11:06:38.674068,29.2337,0.0028,-0.2161,29.0,77,42,99
11:07:44.701258,29.2336,0.0028,-0.2161,29.0,77,42,99
11:08:50.522533,30.0693,0.0022,-0.2209,30.0,77,44,99
11:09:56.612596,30.4967,0.0020,-0.2234,30.0,77,45,99
11:11:02.654353,30.8659,0.0017,-0.2258,30.0,77,46,99
11:12:08.584846,31.2426,0.0014,-0.2283,31.0,77,47,99
11:13:14.556378,30.8696,0.0017,-0.2258,30.0,77,46,99
11:14:20.603171,28.7657,0.0031,-0.2136,28.0,77,41,99
11:15:26.688233,30.8696,0.0017,-0.2258,30.0,77,46,99
11:16:32.622823,30.4749,0.0019,-0.2234,30.0,77,45,99
11:17:38.586662,30.8770,0.0017,-0.2258,30.0,77,46,99
11:18:44.718981,30.8731,0.0017,-0.2258,30.0,77,46,99
11:19:50.764380,30.8839,0.0017,-0.2258,30.0,77,46,99
11:20:57.553402,30.4748,0.0019,-0.2234,30.0,77,45,99
11:22:03.536321,30.4929,0.0020,-0.2234,30.0,77,45,99
11:23:09.745922,30.8659,0.0017,-0.2258,30.0,77,46,99
11:24:16.565285,30.8731,0.0017,-0.2258,30.0,77,46,99
11:25:22.475844,30.8732,0.0017,-0.2258,30.0,77,46,99
11:26:28.519723,29.6567,0.0025,-0.2185,29.0,77,43,99
11:27:34.535097,28.3101,0.0033,-0.2112,28.0,77,40,99
11:28:40.570302,28.3139,0.0033,-0.2112,28.0,77,40,99
11:29:46.496730,27.9652,0.0030,-0.1720,27.0,78,41,99
11:30:52.581688,28.8596,0.0024,-0.1769,28.0,78,43,99
11:31:58.508176,28.8406,0.0024,-0.1769,28.0,78,43,99
11:33:04.408098,29.2703,0.0021,-0.1793,29.0,78,44,99
11:34:10.470033,29.2702,0.0021,-0.1793,29.0,78,44,99
11:35:16.518264,27.9614,0.0030,-0.1720,27.0,78,41,99
11:36:22.558463,27.4764,0.0032,-0.1696,27.0,78,40,99
11:37:28.481923,28.8444,0.0024,-0.1769,28.0,78,43,99
11:38:34.486576,27.9571,0.0030,-0.1720,27.0,78,41,99
11:39:40.595898,28.8559,0.0024,-0.1769,28.0,78,43,99
11:40:46.507984,28.4002,0.0027,-0.1744,28.0,78,42,99
11:41:52.575679,25.9819,0.0041,-0.1622,25.0,78,37,99
11:42:58.448597,26.8453,0.0042,-0.2039,26.0,77,37,99
11:44:04.461096,26.8291,0.0042,-0.2039,26.0,77,37,99
11:45:10.465037,26.3241,0.0045,-0.2014,26.0,77,36,99
11:46:16.368022,28.3218,0.0034,-0.2112,28.0,77,40,99
11:47:22.405537,29.2185,0.0028,-0.2161,29.0,77,42,99
11:48:28.416979,28.3217,0.0034,-0.2112,28.0,77,40,99
11:49:34.407480,29.6608,0.0025,-0.2185,29.0,77,43,99
11:50:40.448860,29.2264,0.0028,-0.2161,29.0,77,42,99
11:51:46.400251,29.6641,0.0025,-0.2185,29.0,77,43,99
11:52:52.353787,29.2852,0.0021,-0.1793,29.0,78,44,99
11:53:58.515036,27.9612,0.0030,-0.1720,27.0,78,41,99
11:55:04.374757,28.8557,0.0024,-0.1769,28.0,78,43,99
11:56:10.402486,27.8481,0.0036,-0.2087,27.0,77,39,99
11:57:16.373828,28.7697,0.0031,-0.2136,28.0,77,41,99
11:58:22.381924,28.3218,0.0034,-0.2112,28.0,77,40,99
11:59:28.373745,28.3023,0.0033,-0.2112,28.0,77,40,99
12:00:34.282714,27.8325,0.0036,-0.2087,27.0,77,39,99
12:01:40.347293,28.7775,0.0031,-0.2136,28.0,77,41,99
12:04:47.066205,29.6680,0.0025,-0.2185,29.0,77,43,99
12:05:53.375550,29.6679,0.0025,-0.2185,29.0,77,43,99
12:06:59.447715,30.0840,0.0022,-0.2209,30.0,77,44,99
12:08:05.323931,29.6640,0.0025,-0.2185,29.0,77,43,99
12:09:11.390449,30.0769,0.0022,-0.2209,30.0,77,44,99
12:10:17.356340,30.0766,0.0022,-0.2209,30.0,77,44,99
12:11:23.417582,29.6492,0.0025,-0.2185,29.0,77,43,99
12:12:29.291913,30.0730,0.0022,-0.2209,30.0,77,44,99
12:13:35.291725,29.6641,0.0025,-0.2185,29.0,77,43,99
12:14:41.271563,29.6642,0.0025,-0.2185,29.0,77,43,99
12:15:47.287559,29.6679,0.0025,-0.2185,29.0,77,43,99
12:16:53.348679,29.6642,0.0025,-0.2185,29.0,77,43,99
12:18:00.265270,28.8521,0.0024,-0.1769,28.0,78,43,99
12:19:06.255120,28.4002,0.0027,-0.1744,28.0,78,42,99
12:20:12.315778,28.8557,0.0024,-0.1769,28.0,78,43,99
12:21:18.253276,28.8596,0.0024,-0.1769,28.0,78,43,99
12:22:24.304863,29.2259,0.0028,-0.2161,29.0,77,42,99
12:23:30.243109,28.8480,0.0024,-0.1769,28.0,78,43,99
12:24:36.291328,29.6492,0.0025,-0.2185,29.0,77,43,99
12:25:42.295432,28.8405,0.0024,-0.1769,28.0,78,43,99
12:26:48.170636,29.2223,0.0028,-0.2161,29.0,77,42,99
12:27:54.218369,29.2220,0.0028,-0.2161,29.0,77,42,99
12:29:00.367366,30.0767,0.0022,-0.2209,30.0,77,44,99
12:30:06.431329,30.0878,0.0022,-0.2209,30.0,77,44,99
12:31:12.253120,29.6565,0.0025,-0.2185,29.0,77,43,99
12:32:18.204012,29.6679,0.0025,-0.2185,29.0,77,43,99
12:33:24.323249,29.6492,0.0025,-0.2185,29.0,77,43,99
12:34:30.210999,30.4931,0.0020,-0.2234,30.0,77,45,99
12:35:36.253198,29.6493,0.0025,-0.2185,29.0,77,43,99
12:36:42.219825,30.0804,0.0022,-0.2209,30.0,77,44,99
12:37:48.327902,30.0878,0.0022,-0.2209,30.0,77,44,99
12:38:54.363965,30.0694,0.0022,-0.2209,30.0,77,44,99
12:40:00.139891,30.0766,0.0022,-0.2209,30.0,77,44,-1
12:41:06.218846,30.4931,0.0020,-0.2234,30.0,77,45,99
12:42:12.487876,30.0840,0.0022,-0.2209,30.0,77,44,99
12:43:19.228465,30.0915,0.0022,-0.2209,30.0,77,44,99
12:44:25.131120,30.0768,0.0022,-0.2209,30.0,77,44,99
12:45:31.326316,30.0802,0.0022,-0.2209,30.0,77,44,99
12:46:37.197022,30.0877,0.0022,-0.2209,30.0,77,44,99
12:47:43.141416,29.6566,0.0025,-0.2185,29.0,77,43,99
12:48:49.231961,30.0766,0.0022,-0.2209,30.0,77,44,99
12:49:55.171839,29.2813,0.0021,-0.1793,29.0,78,44,99
12:51:01.244826,28.8595,0.0024,-0.1769,28.0,78,43,99
12:52:07.104363,28.8446,0.0024,-0.1769,28.0,78,43,99
12:53:13.193633,28.8558,0.0024,-0.1769,28.0,78,43,99
12:54:19.067131,28.8522,0.0024,-0.1769,28.0,78,43,99
12:55:25.229301,28.8558,0.0024,-0.1769,28.0,78,43,99
12:56:31.050317,28.8485,0.0024,-0.1769,28.0,78,43,99
12:58:19.348908,29.2852,0.0021,-0.1793,29.0,78,44,99
12:59:26.274311,28.4003,0.0027,-0.1744,28.0,78,42,99
13:00:32.529427,29.2852,0.0021,-0.1793,29.0,78,44,99
13:01:39.077064,29.2337,0.0028,-0.2161,29.0,77,42,99
13:02:45.154690,28.7812,0.0031,-0.2136,28.0,77,41,99
13:03:51.121325,28.7849,0.0031,-0.2136,28.0,77,41,99
13:04:57.027211,28.4081,0.0027,-0.1744,28.0,78,42,99
13:06:03.057499,26.5149,0.0038,-0.1647,26.0,78,38,99
13:07:09.096896,26.4946,0.0038,-0.1647,26.0,78,38,99
13:08:15.304307,26.5107,0.0038,-0.1647,26.0,78,38,99
13:09:22.043293,26.1196,0.0034,-0.1250,26.0,80,39,99
13:10:27.972422,25.1142,0.0040,-0.1201,25.0,80,37,99
13:11:34.063631,25.9983,0.0041,-0.1622,25.0,78,37,99
13:12:39.975498,27.4804,0.0032,-0.1696,27.0,78,40,99
13:13:46.028694,25.9984,0.0041,-0.1622,25.0,78,37,99
13:14:52.171978,26.0025,0.0041,-0.1622,26.0,78,37,99
13:15:58.016793,26.5108,0.0038,-0.1647,26.0,78,38,99
13:17:04.201007,26.9927,0.0035,-0.1671,26.0,78,39,99
13:18:10.025526,26.1442,0.0034,-0.1250,26.0,80,39,99
13:19:16.063231,25.9902,0.0041,-0.1622,25.0,78,37,99
13:20:22.148359,25.4799,0.0044,-0.1598,25.0,78,36,99
13:21:28.023771,25.9984,0.0041,-0.1622,25.0,78,37,99
13:22:34.110778,26.5150,0.0038,-0.1647,26.0,78,38,99
13:23:40.038602,26.0025,0.0041,-0.1622,26.0,78,37,99
13:24:46.011982,25.9900,0.0041,-0.1622,25.0,78,37,99
13:25:52.118404,26.4944,0.0038,-0.1647,26.0,78,38,99
13:26:58.100685,25.9983,0.0041,-0.1622,25.0,78,37,99
13:28:04.030478,24.5644,0.0042,-0.1177,24.0,80,36,99
13:29:09.975648,22.5120,0.0047,-0.0702,22.0,82,34,99
13:30:15.974016,19.7341,0.0054,-0.0197,19.0,84,31,99
13:31:22.007866,16.7275,0.0061,0.0312,16.0,86,28,99
13:32:27.902621,15.6402,0.0060,0.0754,15.0,87,28,99
13:33:33.964462,14.9342,0.0063,0.0778,14.0,87,27,99
13:34:40.136252,13.0992,0.0065,0.1249,13.0,89,26,99
13:35:45.977129,13.1044,0.0065,0.1249,13.0,89,26,99
13:36:51.888980,12.3684,0.0068,0.1273,12.0,89,25,99
13:37:57.950938,14.2591,0.0066,0.0802,14.0,87,26,99
13:39:03.883068,12.3683,0.0068,0.1273,12.0,89,25,99
13:40:09.949989,9.9122,0.0065,0.2181,9.0,93,25,99
13:41:16.424535,6.3534,0.0073,0.2716,9.0,95,22,99
13:42:23.256984,12.3633,0.0068,0.1273,12.0,89,25,99
13:43:30.015818,9.9332,0.0065,0.2181,9.0,93,25,99
13:44:35.984215,11.8979,0.0064,0.1700,11.0,91,26,99
13:45:41.911015,18.0493,0.0056,0.0263,18.0,86,30,99
13:46:48.036235,18.7054,0.0053,0.0239,18.0,86,31,99
13:47:53.813862,21.9345,0.0050,-0.0677,21.0,82,33,99
13:49:00.072413,23.4685,0.0048,-0.1128,23.0,80,34,99
13:50:06.018874,22.8967,0.0051,-0.1104,22.0,80,33,99
13:51:11.855174,24.0386,0.0045,-0.1153,24.0,80,35,99
13:52:18.244416,24.5857,0.0043,-0.1177,24.0,80,36,99
13:53:24.904646,24.0387,0.0045,-0.1153,24.0,80,35,99
13:54:30.932026,24.5815,0.0042,-0.1177,24.0,80,36,99
13:55:36.911752,24.5644,0.0042,-0.1177,24.0,80,36,99
13:56:43.018485,24.5644,0.0042,-0.1177,24.0,80,36,99
13:57:48.882733,25.4757,0.0044,-0.1598,25.0,78,36,99
13:58:54.843011,25.9820,0.0041,-0.1622,25.0,78,37,99
14:00:00.853549,25.9899,0.0041,-0.1623,25.0,78,37,99
14:01:06.829410,24.5688,0.0042,-0.1177,24.0,80,36,99
14:02:12.868220,25.4548,0.0043,-0.1598,25.0,78,36,99
14:03:18.862594,25.1054,0.0040,-0.1201,25.0,80,37,99
14:04:24.876629,25.4635,0.0044,-0.1598,25.0,78,36,99
14:05:30.904803,26.6090,0.0031,-0.1274,26.0,80,40,99
14:06:36.934691,25.6157,0.0037,-0.1226,25.0,80,38,99
14:07:42.781344,25.9944,0.0041,-0.1622,25.0,78,37,99
14:08:48.870895,26.4987,0.0038,-0.1647,26.0,78,38,99
14:09:54.773154,25.9903,0.0041,-0.1622,25.0,78,37,99
14:11:00.926604,27.4920,0.0032,-0.1696,27.0,78,40,99
14:12:06.786069,27.4844,0.0032,-0.1696,27.0,78,40,99
14:13:12.778714,26.5023,0.0038,-0.1647,26.0,78,38,99
14:14:18.769575,27.4844,0.0032,-0.1696,27.0,78,40,99
14:15:24.834421,27.5002,0.0032,-0.1696,27.0,78,40,99
14:16:30.749654,27.4923,0.0032,-0.1696,27.0,78,40,99
14:17:36.736485,27.9532,0.0029,-0.1720,27.0,78,41,99
14:18:42.886429,27.9691,0.0030,-0.1720,27.0,78,41,99
14:19:48.708860,27.9574,0.0030,-0.1720,27.0,78,41,99
14:20:54.794394,27.0010,0.0035,-0.1671,27.0,78,39,99
14:22:00.945662,26.9926,0.0035,-0.1671,26.0,78,39,99
14:23:06.839756,27.5002,0.0032,-0.1696,27.0,78,40,99
14:24:12.938720,28.4080,0.0027,-0.1744,28.0,78,42,99
14:25:18.816912,27.9651,0.0030,-0.1720,27.0,78,41,99
14:26:24.687637,28.4002,0.0027,-0.1744,28.0,78,42,99
14:27:31.452446,28.8483,0.0024,-0.1769,28.0,78,43,99
14:28:37.722371,28.4081,0.0027,-0.1744,28.0,78,42,99
14:29:43.797988,28.8559,0.0024,-0.1769,28.0,78,43,99
14:32:50.356603,28.8558,0.0024,-0.1769,28.0,78,43,99
14:33:56.729254,26.9927,0.0035,-0.1671,26.0,78,39,99
14:35:02.658294,27.9495,0.0030,-0.1720,27.0,78,41,99
14:36:08.679996,27.9613,0.0030,-0.1720,27.0,78,41,99
14:37:14.717007,27.0087,0.0035,-0.1671,27.0,78,39,99
14:38:20.912203,29.2147,0.0028,-0.2161,29.0,77,42,99
14:39:27.693713,27.4962,0.0032,-0.1696,27.0,78,40,99
14:40:33.705689,27.8401,0.0036,-0.2087,27.0,77,39,99
14:41:39.748258,27.0008,0.0035,-0.1671,27.0,78,39,99
14:42:45.564236,27.9691,0.0030,-0.1720,27.0,78,41,99
14:43:51.686574,27.0169,0.0035,-0.1671,27.0,78,39,99
14:44:57.693787,27.9570,0.0030,-0.1720,27.0,78,41,99
14:46:03.743387,27.9456,0.0029,-0.1720,27.0,78,41,99
14:47:09.721686,27.0128,0.0035,-0.1671,27.0,78,39,99
14:48:15.784549,27.9533,0.0029,-0.1720,27.0,78,41,99
14:49:21.708305,27.9496,0.0030,-0.1720,27.0,78,41,99
14:50:28.103056,28.4002,0.0027,-0.1744,28.0,78,42,99
14:51:34.932779,27.0006,0.0035,-0.1671,27.0,78,39,99
14:52:41.668687,28.4235,0.0027,-0.1744,28.0,78,42,99
14:53:47.615125,28.3100,0.0033,-0.2112,28.0,77,40,99
14:54:53.644317,27.9535,0.0029,-0.1720,27.0,78,41,99
14:55:59.627145,28.4196,0.0027,-0.1744,28.0,78,42,99
14:57:05.690998,28.7657,0.0031,-0.2136,28.0,77,41,99
14:58:11.588199,28.7658,0.0031,-0.2136,28.0,77,41,99
14:59:17.523466,29.2147,0.0028,-0.2161,29.0,77,42,99
15:00:23.569843,29.2187,0.0028,-0.2161,29.0,77,42,99
15:01:29.714023,29.6492,0.0025,-0.2185,29.0,77,43,99
15:02:35.605582,29.2223,0.0028,-0.2161,29.0,77,42,99
15:03:41.661948,27.9533,0.0029,-0.1720,27.0,78,41,99
15:04:47.683942,28.4003,0.0027,-0.1744,28.0,78,42,99
15:05:53.863336,28.7657,0.0031,-0.2136,28.0,77,41,99
15:07:00.656611,28.7657,0.0031,-0.2136,28.0,77,41,99
15:08:06.656554,28.3141,0.0034,-0.2112,28.0,77,40,99
15:09:12.714097,29.2146,0.0028,-0.2161,29.0,77,42,99
15:10:18.548055,27.8244,0.0036,-0.2087,27.0,77,39,99
15:11:24.853568,28.7849,0.0031,-0.2136,28.0,77,41,99
15:12:31.538985,29.2147,0.0028,-0.2161,29.0,77,42,99
15:13:37.997640,28.7888,0.0031,-0.2136,28.0,77,41,99
15:14:44.482590,28.3179,0.0034,-0.2112,28.0,77,40,99
15:15:50.662175,28.3217,0.0034,-0.2112,28.0,77,40,99
15:16:56.591860,28.7809,0.0031,-0.2136,28.0,77,41,99
15:18:02.704671,29.6640,0.0025,-0.2185,29.0,77,43,99
15:19:08.479779,28.7888,0.0031,-0.2136,28.0,77,41,99
15:20:14.490751,29.6492,0.0025,-0.2185,29.0,77,43,99
15:21:20.632406,29.2147,0.0028,-0.2161,29.0,77,42,99
15:22:26.532670,29.2297,0.0028,-0.2161,29.0,77,42,99
15:23:32.499308,30.0839,0.0022,-0.2209,30.0,77,44,99
15:24:38.467953,29.6492,0.0025,-0.2185,29.0,77,43,99
15:25:44.436366,28.8481,0.0024,-0.1769,28.0,78,43,99
15:26:50.566431,28.4003,0.0027,-0.1744,28.0,78,42,99
15:27:56.540970,29.2336,0.0028,-0.2161,29.0,77,42,99
15:29:02.692407,29.2222,0.0028,-0.2161,29.0,77,42,99
15:30:09.451126,29.6566,0.0025,-0.2185,29.0,77,43,99
15:31:15.424637,29.2223,0.0028,-0.2161,29.0,77,42,99
15:32:21.419115,30.0915,0.0022,-0.2209,30.0,77,44,99
15:33:27.377748,29.6531,0.0025,-0.2185,29.0,77,43,99
15:34:33.480294,30.0877,0.0022,-0.2209,30.0,77,44,99
15:35:39.514362,30.0693,0.0022,-0.2209,30.0,77,44,99
15:36:45.414950,29.6679,0.0025,-0.2185,29.0,77,43,99
15:37:51.372766,29.2299,0.0028,-0.2161,29.0,77,42,99
15:38:57.750767,29.2336,0.0028,-0.2161,29.0,77,42,99
15:40:04.407467,30.0806,0.0022,-0.2209,30.0,77,44,99
15:41:10.421684,29.6679,0.0025,-0.2185,29.0,77,43,99
15:42:16.352799,29.6679,0.0025,-0.2185,29.0,77,43,99
15:43:22.529394,29.6603,0.0025,-0.2185,29.0,77,43,99
15:44:28.430794,29.6531,0.0025,-0.2185,29.0,77,43,99
15:45:34.424992,29.6493,0.0025,-0.2185,29.0,77,43,99
15:46:40.395473,30.0764,0.0022,-0.2209,30.0,77,44,99
15:47:46.401566,30.0768,0.0022,-0.2209,30.0,77,44,99
15:48:52.468031,30.0877,0.0022,-0.2209,30.0,77,44,99
15:49:58.387901,30.0804,0.0022,-0.2209,30.0,77,44,99
15:51:04.483507,29.6566,0.0025,-0.2185,29.0,77,43,99
15:52:10.566268,29.6680,0.0025,-0.2185,29.0,77,43,99
15:53:17.423573,30.8345,0.0023,-0.2620,30.0,75,44,99
15:54:23.412072,31.2483,0.0021,-0.2645,31.0,75,45,99
15:55:29.431693,31.2483,0.0021,-0.2645,31.0,75,45,99
15:56:35.343269,30.0693,0.0022,-0.2209,30.0,77,44,99
15:57:41.390343,30.4348,0.0026,-0.2596,30.0,75,43,99
15:58:47.381034,31.2449,0.0021,-0.2645,31.0,75,45,99
15:59:53.325837,30.8417,0.0023,-0.2620,30.0,75,44,99
16:00:59.589577,30.8489,0.0023,-0.2620,30.0,75,44,99
16:02:06.321489,31.2484,0.0021,-0.2645,31.0,75,45,99
16:03:12.347090,30.8308,0.0023,-0.2620,30.0,75,44,99
16:04:18.231964,30.4239,0.0026,-0.2596,30.0,75,43,99
16:05:24.393373,31.2447,0.0021,-0.2645,31.0,75,45,99
16:06:30.265615,30.8307,0.0023,-0.2620,30.0,75,44,99
16:07:36.226755,30.4348,0.0026,-0.2596,30.0,75,43,99
16:08:42.319668,30.8381,0.0023,-0.2620,30.0,75,44,99
16:09:48.279216,30.8345,0.0023,-0.2620,30.0,75,44,99
16:10:54.256662,30.0767,0.0022,-0.2209,30.0,77,44,99
16:12:00.270520,30.0767,0.0022,-0.2209,30.0,77,44,99
16:13:06.244420,30.0694,0.0022,-0.2209,30.0,77,44,99
16:14:12.252430,30.0731,0.0022,-0.2209,30.0,77,44,99
16:15:18.223441,30.0693,0.0022,-0.2209,30.0,77,44,99
16:16:24.261724,30.0731,0.0022,-0.2209,30.0,77,44,99
16:17:30.181989,31.2376,0.0021,-0.2645,31.0,75,45,99
16:18:36.146177,31.6334,0.0018,-0.2669,31.0,75,46,99
16:19:42.161039,31.6229,0.0018,-0.2669,31.0,75,46,99
16:20:48.423539,31.2484,0.0021,-0.2645,31.0,75,45,99
16:23:01.303722,31.2483,0.0021,-0.2645,31.0,75,45,99
16:24:07.249224,31.2306,0.0021,-0.2645,31.0,75,45,99
16:25:13.274316,31.2483,0.0021,-0.2645,31.0,75,45,99
16:26:19.238086,30.4966,0.0020,-0.2234,30.0,77,45,99
16:27:25.197800,30.4930,0.0020,-0.2234,30.0,77,45,99
16:28:31.191010,30.4929,0.0020,-0.2234,30.0,77,45,99
16:29:37.156903,30.8839,0.0017,-0.2258,30.0,77,46,99
16:30:43.192439,30.4930,0.0020,-0.2234,30.0,77,45,99
16:31:49.161054,30.4748,0.0019,-0.2234,30.0,77,45,99
16:32:55.357982,30.4931,0.0020,-0.2234,30.0,77,45,99
16:34:02.138171,30.4819,0.0019,-0.2234,30.0,77,45,99
16:35:08.137797,31.2376,0.0021,-0.2645,31.0,75,45,99
16:36:14.217662,31.6335,0.0018,-0.2669,31.0,75,46,99
16:37:20.172902,31.6228,0.0018,-0.2669,31.0,75,46,99
16:38:26.340887,31.9902,0.0015,-0.2694,31.0,75,47,99
16:39:33.096804,31.9868,0.0015,-0.2694,31.0,75,47,99
16:40:39.273860,31.9902,0.0015,-0.2694,31.0,75,47,99
16:41:45.466501,31.9937,0.0015,-0.2694,31.0,75,47,99
16:42:52.169894,31.9972,0.0015,-0.2694,31.0,75,47,99
16:43:58.141138,32.0040,0.0015,-0.2694,32.0,75,47,99
16:45:04.166962,32.0042,0.0015,-0.2694,32.0,75,47,99
16:46:10.108082,32.3465,0.0012,-0.2718,32.0,75,48,99
16:47:16.088272,32.3499,0.0012,-0.2718,32.0,75,48,99
16:48:22.149099,33.0533,0.0013,-0.3124,33.0,73,48,99
16:49:28.072000,33.0534,0.0013,-0.3124,33.0,73,48,99
16:50:34.104098,32.3430,0.0012,-0.2718,32.0,75,48,99
16:51:40.117448,31.9868,0.0015,-0.2694,31.0,75,47,99
16:52:45.981187,33.0401,0.0013,-0.3124,33.0,73,48,99
16:53:52.055968,33.3828,0.0010,-0.3148,33.0,73,49,99
16:54:58.165450,33.0402,0.0013,-0.3124,33.0,73,48,99
16:56:04.030980,33.0467,0.0013,-0.3124,33.0,73,48,99
16:57:10.078831,33.0470,0.0013,-0.3124,33.0,73,48,99
16:58:16.061929,33.3763,0.0010,-0.3148,33.0,73,49,99
16:59:22.085606,33.3764,0.0010,-0.3148,33.0,73,49,99
17:00:28.039785,33.3927,0.0011,-0.3148,33.0,73,49,99
17:01:33.957969,33.3796,0.0010,-0.3148,33.0,73,49,99
17:02:40.020479,33.3927,0.0011,-0.3148,33.0,73,49,99
17:03:45.995924,33.3893,0.0011,-0.3148,33.0,73,49,99
17:04:51.997087,33.3927,0.0011,-0.3148,33.0,73,49,99
17:05:57.969397,33.3929,0.0011,-0.3148,33.0,73,49,99
17:07:04.009453,33.3927,0.0011,-0.3148,33.0,73,49,99
17:08:10.021932,33.3796,0.0010,-0.3148,33.0,73,49,99
17:09:16.430973,33.3828,0.0010,-0.3148,33.0,73,49,99
17:10:23.014768,33.3763,0.0010,-0.3148,33.0,73,49,99
17:11:29.123403,33.3763,0.0010,-0.3148,33.0,73,49,99
17:12:34.971754,33.3763,0.0010,-0.3148,33.0,73,49,99
17:13:40.948543,32.6917,0.0009,-0.2742,32.0,75,49,99
17:14:47.067782,32.6917,0.0009,-0.2742,32.0,75,49,99
17:15:52.910083,32.6982,0.0009,-0.2742,32.0,75,49,99
17:16:58.962131,32.3432,0.0012,-0.2718,32.0,75,48,99
17:18:04.999660,32.6917,0.0009,-0.2742,32.0,75,49,99
17:19:10.930557,33.3797,0.0011,-0.3148,33.0,73,49,99
17:20:16.882708,33.3763,0.0010,-0.3148,33.0,73,49,99
17:21:22.990764,33.7141,0.0008,-0.3173,33.0,73,50,99
17:22:28.904768,33.7142,0.0008,-0.3173,33.0,73,50,99
17:23:34.936340,32.6851,0.0009,-0.2742,32.0,75,49,99
17:24:40.983249,32.6985,0.0009,-0.2742,32.0,75,49,99
17:25:46.952202,32.7019,0.0009,-0.2742,32.0,75,49,99
17:26:52.980589,33.7142,0.0008,-0.3173,33.0,73,50,99
17:27:58.933257,33.7012,0.0008,-0.3173,33.0,73,50,99
17:29:04.874654,34.0211,0.0005,-0.3197,34.0,73,51,99
17:30:10.830618,34.3106,0.0002,-0.3222,34.0,73,52,99
17:31:16.958128,34.3077,0.0002,-0.3221,34.0,73,52,99
17:32:23.023798,34.2980,0.0002,-0.3222,34.0,73,52,99
17:35:29.476121,34.0178,0.0005,-0.3197,34.0,73,51,99
17:36:35.985055,34.3137,0.0002,-0.3222,34.0,73,52,99
17:37:41.978430,34.3012,0.0002,-0.3221,34.0,73,52,99
17:40:48.516972,34.5917,-0.0001,-0.3246,34.0,73,53,99
17:41:54.806983,34.3012,0.0002,-0.3221,34.0,73,52,99
17:43:00.858730,34.3103,0.0002,-0.3222,34.0,73,52,99
17:44:06.811982,34.3137,0.0002,-0.3222,34.0,73,52,99
17:45:12.899810,34.3042,0.0002,-0.3222,34.0,73,52,99
17:46:18.825899,34.3137,0.0002,-0.3222,34.0,73,52,99
17:47:24.764109,34.3135,0.0002,-0.3222,34.0,73,52,99
17:48:30.850439,34.3136,0.0002,-0.3222,34.0,73,52,99
17:50:42.832324,34.5856,-0.0001,-0.3246,34.0,73,53,99
17:51:49.763391,34.3010,0.0002,-0.3222,34.0,73,52,99
17:52:55.870428,34.3010,0.0002,-0.3222,34.0,73,52,99
17:54:01.747461,34.5918,-0.0001,-0.3246,34.0,73,53,99
17:57:08.332816,34.2979,0.0002,-0.3222,34.0,73,52,99
17:58:14.772145,34.5763,-0.0001,-0.3246,34.0,73,53,99
17:59:20.862591,34.5823,-0.0001,-0.3246,34.0,73,53,99
18:00:26.756626,34.5795,-0.0001,-0.3246,34.0,73,53,99
18:01:32.722551,34.5857,-0.0001,-0.3246,34.0,73,53,99
18:02:38.763424,34.3012,0.0002,-0.3222,34.0,73,52,99
18:03:44.817571,34.5856,-0.0001,-0.3246,34.0,73,53,99
18:04:51.067188,34.2979,0.0002,-0.3222,34.0,73,52,99
18:05:57.734335,34.3010,0.0002,-0.3222,34.0,73,52,99
18:07:03.867446,34.5857,-0.0001,-0.3246,34.0,73,53,99
18:08:09.810556,34.5916,-0.0001,-0.3246,34.0,73,53,99
18:09:15.701347,34.5918,-0.0001,-0.3246,34.0,73,53,99
18:10:21.729104,34.5825,-0.0001,-0.3246,34.0,73,53,99
18:11:27.911162,34.5916,-0.0001,-0.3246,34.0,73,53,99
18:12:33.771890,34.5856,-0.0001,-0.3246,34.0,73,53,99
18:13:39.714340,34.5948,-0.0001,-0.3246,34.0,73,53,99
18:14:45.716318,34.5949,-0.0001,-0.3246,34.0,73,53,99
18:15:51.735832,34.5763,-0.0001,-0.3246,34.0,73,53,99
18:16:57.719823,34.5886,-0.0001,-0.3246,34.0,73,53,99
18:18:03.651760,34.5917,-0.0001,-0.3246,34.0,73,53,99
18:19:09.679079,34.8583,-0.0003,-0.3270,34.0,73,54,99
18:20:15.735838,34.8553,-0.0003,-0.3270,34.0,73,54,99
18:21:21.679413,34.8553,-0.0003,-0.3270,34.0,73,54,99
18:22:27.761863,34.8401,-0.0004,-0.3270,34.0,73,54,99
18:23:33.679759,34.8401,-0.0004,-0.3270,34.0,73,54,99
18:24:39.603093,34.5795,-0.0001,-0.3246,34.0,73,53,99
18:25:45.676455,34.5823,-0.0001,-0.3246,34.0,73,53,99
18:26:51.625977,34.5763,-0.0001,-0.3246,34.0,73,53,99
18:27:57.681966,34.5886,-0.0001,-0.3246,34.0,73,53,99
18:29:03.623341,34.5915,-0.0001,-0.3246,34.0,73,53,99
18:30:09.659020,34.5858,-0.0001,-0.3246,34.0,73,53,99
18:31:15.814773,35.7047,-0.0005,-0.3696,35.0,71,55,99
18:32:21.562204,35.9481,-0.0008,-0.3720,35.0,71,56,99
18:33:27.597030,35.9481,-0.0008,-0.3720,35.0,71,56,99
18:34:33.633774,36.1570,-0.0011,-0.3744,36.0,71,57,99
